chirp signal (N = 5000, f0 = .01, t1 = 4000, f1 = .025)   
   
   9.9802599e-01
   9.9210879e-01
   9.8226738e-01
   9.6853627e-01
   9.5096546e-01
   9.2962028e-01
   9.0458111e-01
   8.7594320e-01
   8.4381622e-01
   8.0832396e-01
   7.6960381e-01
   7.2780627e-01
   6.8309438e-01
   6.3564312e-01
   5.8563871e-01
   5.3327793e-01
   4.7876733e-01
   4.2232244e-01
   3.6416696e-01
   3.0453183e-01
   2.4365437e-01
   1.8177731e-01
   1.1914785e-01
   5.6016676e-02
  -7.3630412e-03
  -7.0736667e-02
  -1.3384911e-01
  -1.9644588e-01
  -2.5827405e-01
  -3.1908337e-01
  -3.7862721e-01
  -4.3666362e-01
  -4.9295628e-01
  -5.4727549e-01
  -5.9939912e-01
  -6.4911354e-01
  -6.9621448e-01
  -7.4050791e-01
  -7.8181085e-01
  -8.1995211e-01
  -8.5477308e-01
  -8.8612837e-01
  -9.1388642e-01
  -9.3793010e-01
  -9.5815725e-01
  -9.7448106e-01
  -9.8683053e-01
  -9.9515079e-01
  -9.9940336e-01
  -9.9956631e-01
  -9.9563447e-01
  -9.8761944e-01
  -9.7554960e-01
  -9.5947004e-01
  -9.3944240e-01
  -9.1554470e-01
  -8.8787100e-01
  -8.5653112e-01
  -8.2165017e-01
  -7.8336812e-01
  -7.4183921e-01
  -6.9723142e-01
  -6.4972571e-01
  -5.9951542e-01
  -5.4680540e-01
  -4.9181126e-01
  -4.3475846e-01
  -3.7588141e-01
  -3.1542256e-01
  -2.5363133e-01
  -1.9076317e-01
  -1.2707846e-01
  -6.2841470e-02
   1.6807513e-03
   6.6219479e-02
   1.3050543e-01
   1.9426988e-01
   2.5724580e-01
   3.1916897e-01
   3.7977910e-01
   4.3882091e-01
   4.9604527e-01
   5.5121016e-01
   6.0408183e-01
   6.5443569e-01
   7.0205736e-01
   7.4674354e-01
   7.8830294e-01
   8.2655709e-01
   8.6134113e-01
   8.9250455e-01
   9.1991186e-01
   9.4344318e-01
   9.6299482e-01
   9.7847973e-01
   9.8982794e-01
   9.9698688e-01
   9.9992164e-01
   9.9861518e-01
   9.9306846e-01
   9.8330044e-01
   9.6934809e-01
   9.5126623e-01
   9.2912741e-01
   9.0302156e-01
   8.7305573e-01
   8.3935361e-01
   8.0205509e-01
   7.6131570e-01
   7.1730595e-01
   6.7021065e-01
   6.2022819e-01
   5.6756967e-01
   5.1245807e-01
   4.5512730e-01
   3.9582120e-01
   3.3479257e-01
   2.7230208e-01
   2.0861713e-01
   1.4401078e-01
   7.8760538e-02
   1.3147186e-02
  -5.2546415e-02
  -1.1803655e-01
  -1.8303989e-01
  -2.4727468e-01
  -3.1046200e-01
  -3.7232698e-01
  -4.3259998e-01
  -4.9101779e-01
  -5.4732479e-01
  -6.0127406e-01
  -6.5262851e-01
  -7.0116193e-01
  -7.4665995e-01
  -7.8892109e-01
  -8.2775761e-01
  -8.6299638e-01
  -8.9447969e-01
  -9.2206593e-01
  -9.4563032e-01
  -9.6506544e-01
  -9.8028178e-01
  -9.9120815e-01
  -9.9779206e-01
  -9.9999998e-01
  -9.9781755e-01
  -9.9124967e-01
  -9.8032056e-01
  -9.6507367e-01
  -9.4557155e-01
  -9.2189561e-01
  -8.9414584e-01
  -8.6244035e-01
  -8.2691499e-01
  -7.8772269e-01
  -7.4503290e-01
  -6.9903084e-01
  -6.4991674e-01
  -5.9790498e-01
  -5.4322317e-01
  -4.8611119e-01
  -4.2682011e-01
  -3.6561117e-01
  -3.0275458e-01
  -2.3852837e-01
  -1.7321717e-01
  -1.0711093e-01
  -4.0503681e-02
   2.6307803e-02
   9.3025309e-02
   1.5935052e-01
   2.2498634e-01
   2.8963825e-01
   3.5301562e-01
   4.1483300e-01
   4.7481146e-01
   5.3267984e-01
   5.8817595e-01
   6.4104786e-01
   6.9105494e-01
   7.3796910e-01
   7.8157573e-01
   8.2167479e-01
   8.5808171e-01
   8.9062826e-01
   9.1916335e-01
   9.4355379e-01
   9.6368489e-01
   9.7946103e-01
   9.9080620e-01
   9.9766429e-01
   9.9999951e-01
   9.9779649e-01
   9.9106050e-01
   9.7981739e-01
   9.6411359e-01
   9.4401592e-01
   9.1961132e-01
   8.9100652e-01
   8.5832763e-01
   8.2171955e-01
   7.8134540e-01
   7.3738581e-01
   6.9003810e-01
   6.3951549e-01
   5.8604608e-01
   5.2987190e-01
   4.7124781e-01
   4.1044035e-01
   3.4772657e-01
   2.8339276e-01
   2.1773315e-01
   1.5104861e-01
   8.3645233e-02
   1.5832965e-02
  -5.2075821e-02
  -1.1976777e-01
  -1.8692998e-01
  -2.5325145e-01
  -3.1842455e-01
  -3.8214641e-01
  -4.4412039e-01
  -5.0405739e-01
  -5.6167732e-01
  -6.1671031e-01
  -6.6889808e-01
  -7.1799511e-01
  -7.6376984e-01
  -8.0600577e-01
  -8.4450253e-01
  -8.7907682e-01
  -9.0956332e-01
  -9.3581552e-01
  -9.5770644e-01
  -9.7512924e-01
  -9.8799784e-01
  -9.9624730e-01
  -9.9983421e-01
  -9.9873696e-01
  -9.9295584e-01
  -9.8251317e-01
  -9.6745318e-01
  -9.4784187e-01
  -9.2376678e-01
  -8.9533662e-01
  -8.6268077e-01
  -8.2594877e-01
  -7.8530964e-01
  -7.4095113e-01
  -6.9307887e-01
  -6.4191547e-01
  -5.8769947e-01
  -5.3068427e-01
  -4.7113697e-01
  -4.0933711e-01
  -3.4557541e-01
  -2.8015239e-01
  -2.1337697e-01
  -1.4556503e-01
  -7.7037913e-02
  -8.1209277e-03
   6.0858217e-02
   1.2957095e-01
   1.9768942e-01
   2.6488804e-01
   3.3084506e-01
   3.9524412e-01
   4.5777577e-01
   5.1813897e-01
   5.7604255e-01
   6.3120661e-01
   6.8336393e-01
   7.3226126e-01
   7.7766056e-01
   8.1934020e-01
   8.5709605e-01
   8.9074252e-01
   9.2011346e-01
   9.4506308e-01
   9.6546661e-01
   9.8122103e-01
   9.9224557e-01
   9.9848218e-01
   9.9989586e-01
   9.9647487e-01
   9.8823085e-01
   9.7519882e-01
   9.5743708e-01
   9.3502695e-01
   9.0807247e-01
   8.7669989e-01
   8.4105719e-01
   8.0131333e-01
   7.5765754e-01
   7.1029841e-01
   6.5946292e-01
   6.0539540e-01
   5.4835636e-01
   4.8862124e-01
   4.2647915e-01
   3.6223144e-01
   2.9619027e-01
   2.2867711e-01
   1.6002117e-01
   9.0557840e-02
   2.0627020e-02
  -4.9428519e-02
  -1.1926482e-01
  -1.8853841e-01
  -2.5690804e-01
  -3.2403630e-01
  -3.8959136e-01
  -4.5324856e-01
  -5.1469207e-01
  -5.7361647e-01
  -6.2972823e-01
  -6.8274728e-01
  -7.3240833e-01
  -7.7846230e-01
  -8.2067753e-01
  -8.5884101e-01
  -8.9275947e-01
  -9.2226036e-01
  -9.4719279e-01
  -9.6742833e-01
  -9.8286167e-01
  -9.9341123e-01
  -9.9901959e-01
  -9.9965389e-01
  -9.9530597e-01
  -9.8599254e-01
  -9.7175512e-01
  -9.5265989e-01
  -9.2879743e-01
  -9.0028231e-01
  -8.6725259e-01
  -8.2986916e-01
  -7.8831502e-01
  -7.4279437e-01
  -6.9353166e-01
  -6.4077053e-01
  -5.8477257e-01
  -5.2581612e-01
  -4.6419483e-01
  -4.0021628e-01
  -3.3420045e-01
  -2.6647810e-01
  -1.9738915e-01
  -1.2728100e-01
  -5.6506772e-02
   1.4576474e-02
   8.5609510e-02
   1.5623277e-01
   2.2608817e-01
   2.9482093e-01
   3.6208137e-01
   4.2752669e-01
   4.9082278e-01
   5.5164587e-01
   6.0968424e-01
   6.6463983e-01
   7.1622978e-01
   7.6418792e-01
   8.0826616e-01
   8.4823579e-01
   8.8388872e-01
   9.1503853e-01
   9.4152157e-01
   9.6319776e-01
   9.7995140e-01
   9.9169183e-01
   9.9835393e-01
   9.9989851e-01
   9.9631261e-01
   9.8760958e-01
   9.7382910e-01
   9.5503702e-01
   9.3132510e-01
   9.0281058e-01
   8.6963563e-01
   8.3196671e-01
   7.8999372e-01
   7.4392911e-01
   6.9400680e-01
   6.4048106e-01
   5.8362519e-01
   5.2373020e-01
   4.6110331e-01
   3.9606641e-01
   3.2895441e-01
   2.6011355e-01
   1.8989960e-01
   1.1867605e-01
   4.6812251e-02
  -2.5318531e-02
  -9.7341020e-02
  -1.6887989e-01
  -2.3956173e-01
  -3.0901699e-01
  -3.7688192e-01
  -4.4280048e-01
  -5.0642624e-01
  -5.6742417e-01
  -6.2547248e-01
  -6.8026430e-01
  -7.3150932e-01
  -7.7893535e-01
  -8.2228982e-01
  -8.6134113e-01
  -8.9587990e-01
  -9.2572016e-01
  -9.5070033e-01
  -9.7068419e-01
  -9.8556160e-01
  -9.9524918e-01
  -9.9969077e-01
  -9.9885783e-01
  -9.9274963e-01
  -9.8139333e-01
  -9.6484388e-01
  -9.4318381e-01
  -9.1652284e-01
  -8.8499739e-01
  -8.4876987e-01
  -8.0802793e-01
  -7.6298347e-01
  -7.1387161e-01
  -6.6094947e-01
  -6.0449484e-01
  -5.4480479e-01
  -4.8219409e-01
  -4.1699359e-01
  -3.4954847e-01
  -2.8021647e-01
  -2.0936599e-01
  -1.3737410e-01
  -6.4624618e-02
   8.4939790e-03
   8.1590612e-02
   1.5427369e-01
   2.2615320e-01
   2.9684284e-01
   3.6596204e-01
   4.3313806e-01
   4.9800804e-01
   5.6022089e-01
   6.1943929e-01
   6.7534150e-01
   7.2762312e-01
   7.7599880e-01
   8.2020380e-01
   8.5999548e-01
   8.9515464e-01
   9.2548680e-01
   9.5082325e-01
   9.7102208e-01
   9.8596895e-01
   9.9557784e-01
   9.9979151e-01
   9.9858193e-01
   9.9195045e-01
   9.7992792e-01
   9.6257453e-01
   9.3997957e-01
   9.1226101e-01
   8.7956492e-01
   8.4206476e-01
   7.9996044e-01
   7.5347734e-01
   7.0286509e-01
   6.4839632e-01
   5.9036516e-01
   5.2908570e-01
   4.6489034e-01
   3.9812796e-01
   3.2916208e-01
   2.5836889e-01
   1.8613521e-01
   1.1285638e-01
   3.8934125e-02
  -3.5225673e-02
  -1.0921516e-01
  -1.8262678e-01
  -2.5505552e-01
  -3.2610113e-01
  -3.9537037e-01
  -4.6247917e-01
  -5.2705481e-01
  -5.8873794e-01
  -6.4718470e-01
  -7.0206854e-01
  -7.5308217e-01
  -7.9993923e-01
  -8.4237599e-01
  -8.8015279e-01
  -9.1305551e-01
  -9.4089673e-01
  -9.6351691e-01
  -9.8078528e-01
  -9.9260066e-01
  -9.9889209e-01
  -9.9961928e-01
  -9.9477291e-01
  -9.8437475e-01
  -9.6847760e-01
  -9.4716508e-01
  -9.2055122e-01
  -8.8877988e-01
  -8.5202402e-01
  -8.1048480e-01
  -7.6439052e-01
  -7.1399535e-01
  -6.5957804e-01
  -6.0144035e-01
  -5.3990541e-01
  -4.7531597e-01
  -4.0803251e-01
  -3.3843123e-01
  -2.6690199e-01
  -1.9384612e-01
  -1.1967420e-01
  -4.4803743e-02
   3.0343127e-02
   1.0534207e-01
   1.7976891e-01
   2.5320206e-01
   3.2522488e-01
   3.9542808e-01
   4.6341203e-01
   5.2878909e-01
   5.9118578e-01
   6.5024498e-01
   7.0562798e-01
   7.5701644e-01
   8.0411425e-01
   8.4664928e-01
   8.8437495e-01
   9.1707173e-01
   9.4454843e-01
   9.6664337e-01
   9.8322531e-01
   9.9419438e-01
   9.9948259e-01
   9.9905440e-01
   9.9290690e-01
   9.8106999e-01
   9.6360620e-01
   9.4061044e-01
   9.1220953e-01
   8.7856153e-01
   8.3985489e-01
   7.9630748e-01
   7.4816531e-01
   6.9570126e-01
   6.3921354e-01
   5.7902400e-01
   5.1547635e-01
   4.4893422e-01
   3.7977910e-01
   3.0840816e-01
   2.3523202e-01
   1.6067237e-01
   8.5159556e-02
   9.1301268e-03
  -6.6975705e-02
  -1.4271660e-01
  -2.1765266e-01
  -2.9134798e-01
  -3.6337319e-01
  -4.3330795e-01
  -5.0074347e-01
  -5.6528486e-01
  -6.2655348e-01
  -6.8418919e-01
  -7.3785248e-01
  -7.8722651e-01
  -8.3201900e-01
  -8.7196398e-01
  -9.0682344e-01
  -9.3638873e-01
  -9.6048191e-01
  -9.7895679e-01
  -9.9169991e-01
  -9.9863125e-01
  -9.9970476e-01
  -9.9490876e-01
  -9.8426600e-01
  -9.6783367e-01
  -9.4570310e-01
  -9.1799931e-01
  -8.8488034e-01
  -8.4653641e-01
  -8.0318882e-01
  -7.5508875e-01
  -7.0251584e-01
  -6.4577657e-01
  -5.8520254e-01
  -5.2114854e-01
  -4.5399050e-01
  -3.8412331e-01
  -3.1195852e-01
  -2.3792196e-01
  -1.6245118e-01
  -8.5992936e-02
  -9.0005414e-03
   6.8068835e-02
   1.4475686e-01
   2.2060679e-01
   2.9516614e-01
   3.6798945e-01
   4.3864094e-01
   5.0669711e-01
   5.7174930e-01
   6.3340620e-01
   6.9129617e-01
   7.4506957e-01
   7.9440084e-01
   8.3899053e-01
   8.7856715e-01
   9.1288887e-01
   9.4174499e-01
   9.6495732e-01
   9.8238131e-01
   9.9390697e-01
   9.9945961e-01
   9.9900038e-01
   9.9252657e-01
   9.8007171e-01
   9.6170544e-01
   9.3753316e-01
   9.0769547e-01
   8.7236742e-01
   8.3175749e-01
   7.8610642e-01
   7.3568583e-01
   6.8079662e-01
   6.2176720e-01
   5.5895160e-01
   4.9272734e-01
   4.2349320e-01
   3.5166683e-01
   2.7768229e-01
   2.0198738e-01
   1.2504103e-01
   4.7310427e-02
  -3.0731718e-02
  -1.0861010e-01
  -1.8584969e-01
  -2.6197864e-01
  -3.3653118e-01
  -4.0905046e-01
  -4.7909137e-01
  -5.4622331e-01
  -6.1003280e-01
  -6.7012613e-01
  -7.2613172e-01
  -7.7770253e-01
  -8.2451820e-01
  -8.6628708e-01
  -9.0274808e-01
  -9.3367234e-01
  -9.5886471e-01
  -9.7816502e-01
  -9.9144913e-01
  -9.9862981e-01
  -9.9965729e-01
  -9.9451971e-01
  -9.8324322e-01
  -9.6589194e-01
  -9.4256762e-01
  -9.1340911e-01
  -8.7859153e-01
  -8.3832534e-01
  -7.9285503e-01
  -7.4245774e-01
  -6.8744155e-01
  -6.2814369e-01
  -5.6492848e-01
  -4.9818511e-01
  -4.2832528e-01
  -3.5578071e-01
  -2.8100047e-01
  -2.0444822e-01
  -1.2659934e-01
  -4.7938032e-02
   3.1045727e-02
   1.0985922e-01
   1.8801004e-01
   2.6500921e-01
   3.4037422e-01
   4.1363206e-01
   4.8432221e-01
   5.5199957e-01
   6.1623723e-01
   6.7662926e-01
   7.3279324e-01
   7.8437272e-01
   8.3103956e-01
   8.7249601e-01
   9.0847663e-01
   9.3875010e-01
   9.6312067e-01
   9.8142951e-01
   9.9355579e-01
   9.9941751e-01
   9.9897209e-01
   9.9221674e-01
   9.7918855e-01
   9.5996434e-01
   9.3466025e-01
   9.0343110e-01
   8.6646947e-01
   8.2400458e-01
   7.7630089e-01
   7.2365651e-01
   6.6640137e-01
   6.0489519e-01
   5.3952523e-01
   4.7070393e-01
   3.9886631e-01
   3.2446722e-01
   2.4797854e-01
   1.6988616e-01
   9.0686897e-02
   1.0885404e-02
  -6.9009097e-02
  -1.4848603e-01
  -2.2703674e-01
  -3.0415776e-01
  -3.7935402e-01
  -4.5214207e-01
  -5.2205317e-01
  -5.8863636e-01
  -6.5146139e-01
  -7.1012148e-01
  -7.6423604e-01
  -8.1345316e-01
  -8.5745190e-01
  -8.9594445e-01
  -9.2867804e-01
  -9.5543667e-01
  -9.7604253e-01
  -9.9035725e-01
  -9.9828291e-01
  -9.9976267e-01
  -9.9478133e-01
  -9.8336541e-01
  -9.6558314e-01
  -9.4154407e-01
  -9.1139843e-01
  -8.7533629e-01
  -8.3358635e-01
  -7.8641458e-01
  -7.3412255e-01
  -6.7704554e-01
  -6.1555041e-01
  -5.5003334e-01
  -4.8091723e-01
  -4.0864907e-01
  -3.3369704e-01
  -2.5654748e-01
  -1.7770181e-01
  -9.7673223e-02
  -1.6983419e-02
   6.3840841e-02
   1.4427114e-01
   2.2378088e-01
   3.0184871e-01
   3.7796198e-01
   4.5162009e-01
   5.2233784e-01
   5.8964859e-01
   6.5310742e-01
   7.1229407e-01
   7.6681574e-01
   8.1630976e-01
   8.6044603e-01
   8.9892924e-01
   9.3150090e-01
   9.5794115e-01
   9.7807024e-01
   9.9174982e-01
   9.9888395e-01
   9.9941979e-01
   9.9334807e-01
   9.8070322e-01
   9.6156324e-01
   9.3604925e-01
   9.0432482e-01
   8.6659491e-01
   8.2310465e-01
   7.7413777e-01
   7.2001477e-01
   6.6109091e-01
   5.9775388e-01
   5.3042130e-01
   4.5953801e-01
   3.8557312e-01
   3.0901699e-01
   2.3037796e-01
   1.5017900e-01
   6.8954250e-02
  -1.2754520e-02
  -9.4401526e-02
  -1.7544061e-01
  -2.5532890e-01
  -3.3353045e-01
  -4.0951983e-01
  -4.8278571e-01
  -5.5283429e-01
  -6.1919263e-01
  -6.8141193e-01
  -7.3907054e-01
  -7.9177688e-01
  -8.3917212e-01
  -8.8093266e-01
  -9.1677241e-01
  -9.4644476e-01
  -9.6974433e-01
  -9.8650845e-01
  -9.9661834e-01
  -1.0000000e+00
  -9.9662479e-01
  -9.8650973e-01
  -9.6971748e-01
  -9.4635597e-01
  -9.1657781e-01
  -8.8057932e-01
  -8.3859927e-01
  -7.9091738e-01
  -7.3785248e-01
  -6.7976043e-01
  -6.1703175e-01
  -5.5008909e-01
  -4.7938434e-01
  -4.0539568e-01
  -3.2862434e-01
  -2.4959124e-01
  -1.6883344e-01
  -8.6900587e-02
  -4.3510921e-03
   7.8251605e-02
   1.6034290e-01
   2.4136089e-01
   3.2075020e-01
   3.9796584e-01
   4.7247693e-01
   5.4377037e-01
   6.1135441e-01
   6.7476205e-01
   7.3355433e-01
   7.8732337e-01
   8.3569523e-01
   8.7833260e-01
   9.1493713e-01
   9.4525162e-01
   9.6906184e-01
   9.8619811e-01
   9.9653654e-01
   9.9999999e-01
   9.9655871e-01
   9.8623060e-01
   9.6908122e-01
   9.4522342e-01
   9.1481663e-01
   8.7806588e-01
   8.3522045e-01
   7.8657223e-01
   7.3245379e-01
   6.7323613e-01
   6.0932622e-01
   5.4116418e-01
   4.6922036e-01
   3.9399204e-01
   3.1600011e-01
   2.3578542e-01
   1.5390508e-01
   7.0928606e-02
  -1.2566040e-02
  -9.5996462e-02
  -1.7877989e-01
  -2.6033726e-01
  -3.4009726e-01
  -4.1750036e-01
  -4.9200272e-01
  -5.6308009e-01
  -6.3023144e-01
  -6.9298262e-01
  -7.5088964e-01
  -8.0354193e-01
  -8.5056523e-01
  -8.9162433e-01
  -9.2642550e-01
  -9.5471862e-01
  -9.7629903e-01
  -9.9100908e-01
  -9.9873932e-01
  -9.9942938e-01
  -9.9306846e-01
  -9.7969554e-01
  -9.5939918e-01
  -9.3231702e-01
  -8.9863485e-01
  -8.5858544e-01
  -8.1244696e-01
  -7.6054112e-01
  -7.0323093e-01
  -6.4091825e-01
  -5.7404099e-01
  -5.0307010e-01
  -4.2850625e-01
  -3.5087633e-01
  -2.7072982e-01
  -1.8863483e-01
  -1.0517415e-01
  -2.0941111e-02
   6.3464615e-02
   1.4744130e-01
   2.3038943e-01
   3.1171600e-01
   3.9083877e-01
   4.6719043e-01
   5.4022270e-01
   6.0941029e-01
   6.7425470e-01
   7.3428786e-01
   7.8907551e-01
   8.3822042e-01
   8.8136530e-01
   9.1819542e-01
   9.4844100e-01
   9.7187917e-01
   9.8833574e-01
   9.9768650e-01
   9.9985823e-01
   9.9482930e-01
   9.8262997e-01
   9.6334223e-01
   9.3709935e-01
   9.0408497e-01
   8.6453192e-01
   8.1872060e-01
   7.6697704e-01
   7.0967065e-01
   6.4721164e-01
   5.8004809e-01
   5.0866279e-01
   4.3356983e-01
   3.5531090e-01
   2.7445142e-01
   1.9157648e-01
   1.0728663e-01
   2.2193530e-02
  -6.3084460e-02
  -1.4792679e-01
  -2.3171522e-01
  -3.1383835e-01
  -3.9369605e-01
  -4.7070393e-01
  -5.4429757e-01
  -6.1393671e-01
  -6.7910924e-01
  -7.3933502e-01
  -7.9416941e-01
  -8.4320666e-01
  -8.8608287e-01
  -9.2247881e-01
  -9.5212232e-01
  -9.7479041e-01
  -9.9031095e-01
  -9.9856410e-01
  -9.9948322e-01
  -9.9305553e-01
  -9.7932224e-01
  -9.5837840e-01
  -9.3037230e-01
  -8.9550446e-01
  -8.5402625e-01
  -8.0623815e-01
  -7.5248762e-01
  -6.9316662e-01
  -6.2870881e-01
  -5.5958641e-01
  -4.8630679e-01
  -4.0940877e-01
  -3.2945872e-01
  -2.4704637e-01
  -1.6278053e-01
  -7.7284576e-02
   8.8081265e-03
   9.4858923e-02
   1.8022859e-01
   2.6428211e-01
   3.4639336e-01
   4.2594984e-01
   5.0235721e-01
   5.7504381e-01
   6.4346488e-01
   7.0710678e-01
   7.6549079e-01
   8.1817681e-01
   8.6476669e-01
   9.0490729e-01
   9.3829324e-01
   9.6466924e-01
   9.8383218e-01
   9.9563264e-01
   9.9997620e-01
   9.9682421e-01
   9.8619421e-01
   9.6815988e-01
   9.4285061e-01
   9.1045063e-01
   8.7119775e-01
   8.2538161e-01
   7.7334169e-01
   7.1546475e-01
   6.5218209e-01
   5.8396634e-01
   5.1132796e-01
   4.3481150e-01
   3.5499153e-01
   2.7246833e-01
   1.8786347e-01
   1.0181507e-01
   1.4973056e-02
  -7.2005767e-02
  -1.5846266e-01
  -2.4374197e-01
  -3.2719605e-01
  -4.0819025e-01
  -4.8610775e-01
  -5.6035425e-01
  -6.3036254e-01
  -6.9559688e-01
  -7.5555714e-01
  -8.0978264e-01
  -8.5785577e-01
  -8.9940525e-01
  -9.3410902e-01
  -9.6169683e-01
  -9.8195236e-01
  -9.9471501e-01
  -9.9988122e-01
  -9.9740535e-01
  -9.8730017e-01
  -9.6963686e-01
  -9.4454457e-01
  -9.1220953e-01
  -8.7287375e-01
  -8.2683328e-01
  -7.7443599e-01
  -7.1607904e-01
  -6.5220591e-01
  -5.8330307e-01
  -5.0989634e-01
  -4.3254687e-01
  -3.5184696e-01
  -2.6841547e-01
  -1.8289318e-01
  -9.5937829e-02
  -8.2190992e-03
   7.9586532e-02
   1.6680101e-01
   2.5274995e-01
   3.3676784e-01
   4.1820320e-01
   4.9642371e-01
   5.7082105e-01
   6.4081575e-01
   7.0586168e-01
   7.6545036e-01
   8.1911500e-01
   8.6643418e-01
   9.0703520e-01
   9.4059710e-01
   9.6685325e-01
   9.8559350e-01
   9.9666593e-01
   9.9997816e-01
   9.9549817e-01
   9.8325467e-01
   9.6333696e-01
   9.3589440e-01
   9.0113529e-01
   8.5932542e-01
   8.1078603e-01
   7.5589146e-01
   6.9506629e-01
   6.2878210e-01
   5.5755387e-01
   4.8193605e-01
   4.0251823e-01
   3.1992063e-01
   2.3478925e-01
   1.4779085e-01
   5.9607781e-02
  -2.9067418e-02
  -1.1753740e-01
  -2.0510550e-01
  -2.9108125e-01
  -3.7478581e-01
  -4.5555734e-01
  -5.3275627e-01
  -6.0577040e-01
  -6.7401976e-01
  -7.3696125e-01
  -7.9409304e-01
  -8.4495860e-01
  -8.8915036e-01
  -9.2631310e-01
  -9.5614681e-01
  -9.7840918e-01
  -9.9291764e-01
  -9.9955091e-01
  -9.9825009e-01
  -9.8901922e-01
  -9.7192539e-01
  -9.4709830e-01
  -9.1472938e-01
  -8.7507033e-01
  -8.2843125e-01
  -7.7517829e-01
  -7.1573083e-01
  -6.5055819e-01
  -5.8017604e-01
  -5.0514231e-01
  -4.2605287e-01
  -3.4353676e-01
  -2.5825129e-01
  -1.7087677e-01
  -8.2111149e-02
   7.3355531e-03
   9.6746934e-02
   1.8540593e-01
   2.7260058e-01
   3.5762972e-01
   4.3980868e-01
   5.1847481e-01
   5.9299280e-01
   6.6275990e-01
   7.2721083e-01
   7.8582235e-01
   8.3811762e-01
   8.8367006e-01
   9.2210696e-01
   9.5311253e-01
   9.7643058e-01
   9.9186670e-01
   9.9928992e-01
   9.9863392e-01
   9.8989766e-01
   9.7314554e-01
   9.4850694e-01
   9.1617537e-01
   8.7640693e-01
   8.2951842e-01
   7.7588485e-01
   7.1593648e-01
   6.5015547e-01
   5.7907202e-01
   5.0326015e-01
   4.2333311e-01
   3.3993846e-01
   2.5375288e-01
   1.6547665e-01
   7.5828023e-02
  -1.4462603e-02
  -1.0465864e-01
  -1.9402333e-01
  -2.8182573e-01
  -3.6734671e-01
  -4.4988491e-01
  -5.2876243e-01
  -6.0333048e-01
  -6.7297475e-01
  -7.3712049e-01
  -7.9523730e-01
  -8.4684357e-01
  -8.9151051e-01
  -9.2886581e-01
  -9.5859675e-01
  -9.8045291e-01
  -9.9424834e-01
  -9.9986321e-01
  -9.9724491e-01
  -9.8640862e-01
  -9.6743727e-01
  -9.4048105e-01
  -9.0575621e-01
  -8.6354345e-01
  -8.1418570e-01
  -7.5808539e-01
  -6.9570126e-01
  -6.2754461e-01
  -5.5417522e-01
  -4.7619677e-01
  -3.9425190e-01
  -3.0901699e-01
  -2.2119660e-01
  -1.3151764e-01
  -4.0723411e-02
   5.0432575e-02
   1.4119281e-01
   2.3080211e-01
   3.1851389e-01
   4.0359640e-01
   4.8533885e-01
   5.6305737e-01
   6.3610078e-01
   7.0385605e-01
   7.6575352e-01
   8.2127171e-01
   8.6994178e-01
   9.1135156e-01
   9.4514905e-01
   9.7104554e-01
   9.8881809e-01
   9.9831154e-01
   9.9943994e-01
   9.9218738e-01
   9.7660824e-01
   9.5282690e-01
   9.2103677e-01
   8.8149884e-01
   8.3453957e-01
   7.8054825e-01
   7.1997389e-01
   6.5332151e-01
   5.8114797e-01
   5.0405739e-01
   4.2269616e-01
   3.3774752e-01
   2.4992586e-01
   1.5997078e-01
   6.8640835e-02
  -2.3292803e-02
  -1.1505288e-01
  -2.0586261e-01
  -2.9495227e-01
  -3.8156571e-01
  -4.6496682e-01
  -5.4444580e-01
  -6.1932522e-01
  -6.8896582e-01
  -7.5277205e-01
  -8.1019717e-01
  -8.6074802e-01
  -9.0398929e-01
  -9.3954733e-01
  -9.6711345e-01
  -9.8644666e-01
  -9.9737586e-01
  -9.9980141e-01
  -9.9369612e-01
  -9.7910558e-01
  -9.5614796e-01
  -9.2501306e-01
  -8.8596088e-01
  -8.3931945e-01
  -7.8548222e-01
  -7.2490475e-01
  -6.5810094e-01
  -5.8563871e-01
  -5.0813526e-01
  -4.2625182e-01
  -3.4068806e-01
  -2.5217618e-01
  -1.6147464e-01
  -6.9361679e-02
   2.3371321e-02
   1.1592664e-01
   2.0750707e-01
   2.9732280e-01
   3.8459823e-01
   4.6857868e-01
   5.4853696e-01
   6.2377968e-01
   6.9365331e-01
   7.5754989e-01
   8.1491239e-01
   8.6523959e-01
   9.0809056e-01
   9.4308852e-01
   9.6992429e-01
   9.8835905e-01
   9.9822655e-01
   9.9943467e-01
   9.9196636e-01
   9.7587991e-01
   9.5130861e-01
   9.1845967e-01
   8.7761260e-01
   8.2911686e-01
   7.7338899e-01
   7.1090903e-01
   6.4221653e-01
   5.6790588e-01
   4.8862124e-01
   4.0505103e-01
   3.1792196e-01
   2.2799274e-01
   1.3604757e-01
   4.2889215e-02
  -5.0667893e-02
  -1.4380482e-01
  -2.3570528e-01
  -3.2556279e-01
  -4.1258779e-01
  -4.9601458e-01
  -5.7510806e-01
  -6.4917030e-01
  -7.1754669e-01
  -7.7963179e-01
  -8.3487476e-01
  -8.8278428e-01
  -9.2293297e-01
  -9.5496131e-01
  -9.7858090e-01
  -9.9357714e-01
  -9.9981123e-01
  -9.9722156e-01
  -9.8582437e-01
  -9.6571376e-01
  -9.3706096e-01
  -9.0011300e-01
  -8.5519062e-01
  -8.0268556e-01
  -7.4305723e-01
  -6.7682875e-01
  -6.0458243e-01
  -5.2695468e-01
  -4.4463049e-01
  -3.5833740e-01
  -2.6883913e-01
  -1.7692885e-01
  -8.3422177e-02
   1.0850063e-02
   1.0504918e-01
   1.9833609e-01
   2.8987880e-01
   3.7885982e-01
   4.6448350e-01
   5.4598316e-01
   6.2262800e-01
   6.9372968e-01
   7.5864853e-01
   8.1679942e-01
   8.6765701e-01
   9.1076061e-01
   9.4571841e-01
   9.7221110e-01
   9.8999486e-01
   9.9890371e-01
   9.9885106e-01
   9.8983074e-01
   9.7191707e-01
   9.4526443e-01
   9.1010597e-01
   8.6675164e-01
   8.1558554e-01
   7.5706262e-01
   6.9170467e-01
   6.2009572e-01
   5.4287694e-01
   4.6074087e-01
   3.7442534e-01
   2.8470683e-01
   1.9239351e-01
   9.8318058e-02
   3.3300821e-03
  -9.1711481e-02
  -1.8594615e-01
  -2.7851969e-01
  -3.6859186e-01
  -4.5534408e-01
  -5.3798685e-01
  -6.1576703e-01
  -6.8797468e-01
  -7.5394963e-01
  -8.1308755e-01
  -8.6484556e-01
  -9.0874724e-01
  -9.4438713e-01
  -9.7143451e-01
  -9.8963654e-01
  -9.9882076e-01
  -9.9889671e-01
  -9.8985698e-01
  -9.7177736e-01
  -9.4481634e-01
  -9.0921377e-01
  -8.6528881e-01
  -8.1343717e-01
  -7.5412760e-01
  -6.8789772e-01
  -6.1534923e-01
  -5.3714246e-01
  -4.5399050e-01
  -3.6665265e-01
  -2.7592759e-01
  -1.8264609e-01
  -8.7663428e-02
   8.1484158e-03
   1.0390877e-01
   1.9873637e-01
   2.9175743e-01
   3.8211375e-01
   4.6897065e-01
   5.5152467e-01
   6.2901109e-01
   7.0071099e-01
   7.6595805e-01
   8.2414472e-01
   8.7472799e-01
   9.1723450e-01
   9.5126502e-01
   9.7649834e-01
   9.9269430e-01
   9.9969621e-01
   9.9743242e-01
   9.8591712e-01
   9.6525040e-01
   9.3561743e-01
   8.9728688e-01
   8.5060859e-01
   7.9601045e-01
   7.3399455e-01
   6.6513261e-01
   5.9006083e-01
   5.0947401e-01
   4.2411921e-01
   3.3478887e-01
   2.4231349e-01
   1.4755393e-01
   5.1393440e-02
  -4.5270581e-02
  -1.4153492e-01
  -2.3649900e-01
  -3.2927332e-01
  -4.1898781e-01
  -5.0479997e-01
  -5.8590288e-01
  -6.6153276e-01
  -7.3097626e-01
  -7.9357721e-01
  -8.4874288e-01
  -8.9594968e-01
  -9.3474818e-01
  -9.6476747e-01
  -9.8571876e-01
  -9.9739827e-01
  -9.9968930e-01
  -9.9256342e-01
  -9.7608096e-01
  -9.5039053e-01
  -9.1572782e-01
  -8.7241349e-01
  -8.2085027e-01
  -7.6151936e-01
  -6.9497594e-01
  -6.2184409e-01
  -5.4281098e-01
  -4.5862047e-01
  -3.7006620e-01
  -2.7798408e-01
  -1.8324450e-01
  -8.6744101e-02
   1.0602677e-02
   1.0787226e-01
   2.0414068e-01
   2.9849239e-01
   3.9002894e-01
   4.7787758e-01
   5.6119962e-01
   6.3919844e-01
   7.1112718e-01
   7.7629594e-01
   8.3407843e-01
   8.8391810e-01
   9.2533351e-01
   9.5792312e-01
   9.8136920e-01
   9.9544105e-01
   9.9999733e-01
   9.9498760e-01
   9.8045291e-01
   9.5652556e-01
   9.2342805e-01
   8.8147103e-01
   8.3105049e-01
   7.7264411e-01
   7.0680682e-01
   6.3416559e-01
   5.5541349e-01
   4.7130323e-01
   3.8263990e-01
   2.9027340e-01
   1.9509032e-01
   9.8005416e-02
  -4.7123890e-05
  -9.8122658e-02
  -1.9527519e-01
  -2.9056651e-01
  -3.8307523e-01
  -4.7190576e-01
  -5.5619699e-01
  -6.3513065e-01
  -7.0793933e-01
  -7.7391399e-01
  -8.3241092e-01
  -8.8285806e-01
  -9.2476071e-01
  -9.5770644e-01
  -9.8136920e-01
  -9.9551268e-01
  -9.9999272e-01
  -9.9475887e-01
  -9.7985505e-01
  -9.5541928e-01
  -9.2168247e-01
  -8.7896635e-01
  -8.2768049e-01
  -7.6831844e-01
  -7.0145306e-01
  -6.2773110e-01
  -5.4786696e-01
  -4.6263585e-01
  -3.7286633e-01
  -2.7943229e-01
  -1.8324450e-01
  -8.5241723e-02
   1.3618383e-02
   1.1236863e-01
   2.1004177e-01
   3.0567993e-01
   3.9834409e-01
   4.8712324e-01
   5.7114344e-01
   6.4957644e-01
   7.2164787e-01
   7.8664497e-01
   8.4392368e-01
   8.9291511e-01
   9.3313123e-01
   9.6416987e-01
   9.8571876e-01
   9.9755878e-01
   9.9956631e-01
   9.9171455e-01
   9.7407398e-01
   9.4681183e-01
   9.1019057e-01
   8.6456547e-01
   8.1038128e-01
   7.4816791e-01
   6.7853540e-01
   6.0216796e-01
   5.1981734e-01
   4.3229547e-01
   3.4046653e-01
   2.4523844e-01
   1.4755393e-01
   4.8381267e-02
  -5.1295394e-02
  -1.5048571e-01
  -2.4820299e-01
  -3.4347407e-01
  -4.3534895e-01
  -5.2291035e-01
  -6.0528287e-01
  -6.8164183e-01
  -7.5122151e-01
  -8.1332295e-01
  -8.6732101e-01
  -9.1267072e-01
  -9.4891292e-01
  -9.7567889e-01
  -9.9269430e-01
  -9.9978202e-01
  -9.9686411e-01
  -9.8396273e-01
  -9.6120009e-01
  -9.2879743e-01
  -8.8707288e-01
  -8.3643852e-01
  -7.7739633e-01
  -7.1053333e-01
  -6.3651581e-01
  -5.5608276e-01
  -4.7003857e-01
  -3.7924502e-01
  -2.8461271e-01
  -1.8709200e-01
  -8.7663428e-02
   1.2672060e-02
   1.1290321e-01
   2.1201862e-01
   3.0901699e-01
   4.0291722e-01
   4.9276835e-01
   5.7765926e-01
   6.5672792e-01
   7.2917021e-01
   7.9424816e-01
   8.5129751e-01
   8.9973457e-01
   9.3906231e-01
   9.6887547e-01
   9.8886489e-01
   9.9882076e-01
   9.9863494e-01
   9.8830223e-01
   9.6792055e-01
   9.3769017e-01
   8.9791179e-01
   8.4898368e-01
   7.9139774e-01
   7.2573469e-01
   6.5265827e-01
   5.7290858e-01
   4.8729471e-01
   3.9668653e-01
   3.0200595e-01
   2.0421757e-01
   1.0431887e-01
   3.3300821e-03
  -9.7716214e-02
  -1.9778566e-01
  -2.9585268e-01
  -3.9091106e-01
  -4.8198422e-01
  -5.6813535e-01
  -6.4847703e-01
  -7.2218049e-01
  -7.8848412e-01
  -8.4670151e-01
  -8.9622857e-01
  -9.3654989e-01
  -9.6724416e-01
  -9.8798874e-01
  -9.9856305e-01
  -9.9885106e-01
  -9.8884267e-01
  -9.6863392e-01
  -9.3842626e-01
  -8.9852456e-01
  -8.4933418e-01
  -7.9135693e-01
  -7.2518602e-01
  -6.5150012e-01
  -5.7105641e-01
  -4.8468292e-01
  -3.9327005e-01
  -2.9776145e-01
  -1.9914431e-01
  -9.8439204e-02
   3.3104472e-03
   1.0504918e-01
   2.0572042e-01
   3.0427747e-01
   3.9969439e-01
   4.9097674e-01
   5.7717191e-01
   6.5737919e-01
   7.3075916e-01
   7.9654258e-01
   8.5403851e-01
   9.0264163e-01
   9.4183872e-01
   9.7121416e-01
   9.9045439e-01
   9.9935141e-01
   9.9780508e-01
   9.8582437e-01
   9.6352742e-01
   9.3114049e-01
   8.8899576e-01
   8.3752804e-01
   7.7727034e-01
   7.0884846e-01
   6.3297459e-01
   5.5043994e-01
   4.6210658e-01
   3.6889848e-01
   2.7179193e-01
   1.7180531e-01
   6.9988470e-02
  -3.2588253e-02
  -1.3484531e-01
  -2.3570528e-01
  -3.3410422e-01
  -4.2900293e-01
  -5.1939794e-01
  -6.0433216e-01
  -6.8290507e-01
  -7.5428232e-01
  -8.1770464e-01
  -8.7249601e-01
  -9.1807093e-01
  -9.5394079e-01
  -9.7971915e-01
  -9.9512604e-01
  -9.9999109e-01
  -9.9425549e-01
  -9.7797280e-01
  -9.5130861e-01
  -9.1453887e-01
  -8.6804721e-01
  -8.1232102e-01
  -7.4794639e-01
  -6.7560211e-01
  -5.9605252e-01
  -5.1013954e-01
  -4.1877385e-01
  -3.2292526e-01
  -2.2361247e-01
  -1.2189230e-01
  -1.8848440e-02
   8.4420027e-02
   1.8681038e-01
   2.8722803e-01
   3.8459823e-01
   4.7787758e-01
   5.6606529e-01
   6.4821393e-01
   7.2343966e-01
   7.9093180e-01
   8.4996166e-01
   8.9989048e-01
   9.4017639e-01
   9.7038043e-01
   9.9017140e-01
   9.9932959e-01
   9.9774934e-01
   9.8544034e-01
   9.6252769e-01
   9.2925078e-01
   8.8596088e-01
   8.3311750e-01
   7.7128365e-01
   7.0111993e-01
   6.2337751e-01
   5.3889025e-01
   4.4856573e-01
   3.5337566e-01
   2.5434539e-01
   1.5254298e-01
   4.9067674e-02
  -5.4961943e-02
  -1.5842001e-01
  -2.6018560e-01
  -3.5915482e-01
  -4.5425290e-01
  -5.4444580e-01
  -6.2875156e-01
  -7.0625101e-01
  -7.7609786e-01
  -8.3752804e-01
  -8.8986808e-01
  -9.3254264e-01
  -9.6508087e-01
  -9.8712175e-01
  -9.9841815e-01
  -9.9883975e-01
  -9.8837458e-01
  -9.6712943e-01
  -9.3532877e-01
  -8.9331256e-01
  -8.4153270e-01
  -7.8054825e-01
  -7.1101950e-01
  -6.3370091e-01
  -5.4943303e-01
  -4.5913338e-01
  -3.6378657e-01
  -2.6443360e-01
  -1.6216056e-01
  -5.8086750e-02
   4.6647498e-02
   1.5089333e-01
   2.5350597e-01
   3.5335729e-01
   4.4934823e-01
   5.4042096e-01
   6.2557053e-01
   7.0385605e-01
   7.7441114e-01
   8.3645358e-01
   8.8929408e-01
   9.3234400e-01
   9.6512201e-01
   9.8725959e-01
   9.9850524e-01
   9.9872747e-01
   9.8791642e-01
   9.6618418e-01
   9.3376372e-01
   8.9100652e-01
   8.3837886e-01
   7.7645682e-01
   7.0592009e-01
   6.2754461e-01
   5.4219409e-01
   4.5081055e-01
   3.5440406e-01
   2.5404155e-01
   1.5083510e-01
   4.5929629e-02
  -5.9509781e-02
  -1.6431080e-01
  -2.6730691e-01
  -3.6735037e-01
  -4.6332504e-01
  -5.5415888e-01
  -6.3883596e-01
  -7.1640789e-01
  -7.8600447e-01
  -8.4684357e-01
  -8.9823997e-01
  -9.3961320e-01
  -9.7049417e-01
  -9.9053056e-01
  -9.9949102e-01
  -9.9726788e-01
  -9.8387856e-01
  -9.5946561e-01
  -9.2429526e-01
  -8.7875465e-01
  -8.2334766e-01
  -7.5868947e-01
  -6.8549978e-01
  -6.0459494e-01
  -5.1687888e-01
  -4.2333311e-01
  -3.2500578e-01
  -2.2300002e-01
  -1.1846159e-01
  -1.2566040e-02
   9.3494494e-02
   1.9852469e-01
   3.0133951e-01
   4.0077762e-01
   4.9571448e-01
   5.8507516e-01
   6.6784652e-01
   7.4308877e-01
   8.0994620e-01
   8.6765701e-01
   9.1556207e-01
   9.5311253e-01
   9.7987622e-01
   9.9554273e-01
   9.9992709e-01
   9.9297212e-01
   9.7474921e-01
   9.4545776e-01
   9.0542308e-01
   8.5509290e-01
   7.9503250e-01
   7.2591838e-01
   6.4853084e-01
   5.6374518e-01
   4.7252192e-01
   3.7589597e-01
   2.7496494e-01
   1.7087677e-01
   6.4816637e-02
  -4.2006438e-02
  -1.4837341e-01
  -2.5306909e-01
  -3.5489607e-01
  -4.5268840e-01
  -5.4532499e-01
  -6.3174252e-01
  -7.1094770e-01
  -7.8202872e-01
  -8.4416586e-01
  -8.9664104e-01
  -9.3884614e-01
  -9.7029024e-01
  -9.9060536e-01
  -9.9955091e-01
  -9.9701666e-01
  -9.8302417e-01
  -9.5772677e-01
  -9.2140802e-01
  -8.7447857e-01
  -8.1747174e-01
  -7.5103745e-01
  -6.7593499e-01
  -5.9302442e-01
  -5.0325675e-01
  -4.0766320e-01
  -3.0734333e-01
  -2.0345250e-01
  -9.7188593e-02
   1.0221779e-02
   1.1753740e-01
   2.2351678e-01
   3.2693256e-01
   4.2658571e-01
   5.2131946e-01
   6.1003280e-01
   6.9169332e-01
   7.6534927e-01
   8.3014076e-01
   8.8530984e-01
   9.3020953e-01
   9.6431141e-01
   9.8721205e-01
   9.9863781e-01
   9.9844826e-01
   9.8663800e-01
   9.6333696e-01
   9.2880907e-01
   8.8344937e-01
   8.2777965e-01
   7.6244251e-01
   6.8819409e-01
   6.0589538e-01
   5.1650232e-01
   4.2105481e-01
   3.2066465e-01
   2.1650266e-01
   1.0978505e-01
   1.7592910e-03
  -1.0631049e-01
  -2.1315828e-01
  -3.1753099e-01
  -4.1820320e-01
  -5.1399159e-01
  -6.0376883e-01
  -6.8647699e-01
  -7.6113999e-01
  -8.2687524e-01
  -8.8290416e-01
  -9.2856148e-01
  -9.6330324e-01
  -9.8671339e-01
  -9.9850888e-01
  -9.9854320e-01
  -9.8680829e-01
  -9.6343488e-01
  -9.2869115e-01
  -8.8297975e-01
  -8.2683328e-01
  -7.6090816e-01
  -6.8597711e-01
  -6.0292014e-01
  -5.1271434e-01
  -4.1642242e-01
  -3.1518032e-01
  -2.1018382e-01
  -1.0267448e-01
   6.0750174e-03
   1.1477591e-01
   2.2213861e-01
   3.2688803e-01
   4.2777873e-01
   5.2360976e-01
   6.1323901e-01
   6.9559688e-01
   7.6969909e-01
   8.3465854e-01
   8.8969603e-01
   9.3414967e-01
   9.6748298e-01
   9.8929145e-01
   9.9930756e-01
   9.9740422e-01
   9.8359643e-01
   9.5804139e-01
   9.2103677e-01
   8.7301743e-01
   8.1455034e-01
   7.4632810e-01
   6.6916076e-01
   5.8396634e-01
   4.9175997e-01
   3.9364190e-01
   2.9078444e-01
   1.8441796e-01
   7.5816276e-02
  -3.3718605e-02
  -1.4287207e-01
  -2.5033269e-01
  -3.5480796e-01
  -4.5503988e-01
  -5.4982014e-01
  -6.3800476e-01
  -7.1852791e-01
  -7.9041488e-01
  -8.5279402e-01
  -9.0490729e-01
  -9.4611970e-01
  -9.7592704e-01
  -9.9396225e-01
  -1.0000000e+00
  -9.9395966e-01
  -9.7590648e-01
  -9.4605101e-01
  -9.0474678e-01
  -8.5248624e-01
  -7.8989500e-01
  -7.1772445e-01
  -6.3684286e-01
  -5.4822499e-01
  -4.5294049e-01
  -3.5214101e-01
  -2.4704637e-01
  -1.3892983e-01
  -2.9102746e-02
   8.1101365e-02
   1.9034297e-01
   2.9729280e-01
   4.0064809e-01
   4.9914841e-01
   5.9159111e-01
   6.7684610e-01
   7.5386965e-01
   8.2171732e-01
   8.7955558e-01
   9.2667220e-01
   9.6248508e-01
   9.8654956e-01
   9.9856410e-01
   9.9837413e-01
   9.8597420e-01
   9.6150822e-01
   9.2526799e-01
   8.7768977e-01
   8.1934921e-01
   7.5095447e-01
   6.7333776e-01
   5.8744526e-01
   4.9432576e-01
   3.9511786e-01
   2.9103617e-01
   1.8335645e-01
   7.3400076e-02
  -3.7482199e-02
  -1.4792679e-01
  -2.5657405e-01
  -3.6208503e-01
  -4.6315799e-01
  -5.5854450e-01
  -6.4706494e-01
  -7.2762312e-01
  -7.9921992e-01
  -8.6096583e-01
  -9.1209203e-01
  -9.5196012e-01
  -9.8007015e-01
  -9.9606709e-01
  -9.9974534e-01
  -9.9105159e-01
  -9.7008562e-01
  -9.3709935e-01
  -8.9249393e-01
  -8.3681496e-01
  -7.7074599e-01
  -6.9510017e-01
  -6.1081042e-01
  -5.1891798e-01
  -4.2055964e-01
  -3.1695375e-01
  -2.0938519e-01
  -9.9189496e-02
   1.2263685e-02
   1.2358762e-01
   2.3339572e-01
   3.4031883e-01
   4.4302229e-01
   5.4022270e-01
   6.3070391e-01
   7.1333241e-01
   7.8707150e-01
   8.5099448e-01
   9.0429632e-01
   9.4630393e-01
   9.7648480e-01
   9.9445382e-01
   9.9997837e-01
   9.9298141e-01
   9.7354272e-01
   9.4189810e-01
   8.9843664e-01
   8.4369608e-01
   7.7835630e-01
   7.0323093e-01
   6.1925738e-01
   5.2748525e-01
   4.2906323e-01
   3.2522488e-01
   2.1727320e-01
   1.0656430e-01
  -5.5095402e-03
  -1.1753740e-01
  -2.2810745e-01
  -3.3582478e-01
  -4.3932898e-01
  -5.3731138e-01
  -6.2853167e-01
  -7.1183362e-01
  -7.8615982e-01
  -8.5056523e-01
  -9.0422925e-01
  -9.4646631e-01
  -9.7673473e-01
  -9.9464381e-01
  -9.9995896e-01
  -9.9260495e-01
  -9.7266707e-01
  -9.4039027e-01
  -8.9617631e-01
  -8.4057889e-01
  -7.7429684e-01
  -6.9816542e-01
  -6.1314595e-01
  -5.2031376e-01
  -4.2084465e-01
  -3.1600011e-01
  -2.0711138e-01
  -9.5562570e-02
   1.7226857e-02
   1.2982016e-01
   2.4078159e-01
   3.4869473e-01
   4.5218060e-01
   5.4991527e-01
   6.4064691e-01
   7.2321188e-01
   7.9654970e-01
   8.5971680e-01
   9.1189873e-01
   9.5242080e-01
   9.8075692e-01
   9.9653654e-01
   9.9954961e-01
   9.8974958e-01
   9.6725413e-01
   9.3234400e-01
   8.8545954e-01
   8.2719534e-01
   7.5829280e-01
   6.7963081e-01
   5.9221466e-01
   4.9716327e-01
   3.9569498e-01
   2.8911200e-01
   1.7878376e-01
   6.6129356e-02
  -4.7400646e-02
  -1.6034290e-01
  -2.7124013e-01
  -3.7865992e-01
  -4.8121331e-01
  -5.7757270e-01
  -6.6648921e-01
  -7.4680883e-01
  -8.1748757e-01
  -8.7760507e-01
  -9.2637671e-01
  -9.6316397e-01
  -9.8748293e-01
  -9.9901071e-01
  -9.9758994e-01
  -9.8323104e-01
  -9.5611230e-01
  -9.1657781e-01
  -8.6513326e-01
  -8.0243957e-01
  -7.2930457e-01
  -6.4667263e-01
  -5.5561268e-01
  -4.5730437e-01
  -3.5302296e-01
  -2.4412280e-01
  -1.3201981e-01
  -1.8173113e-02
   9.5933920e-02
   2.0881300e-01
   3.1899032e-01
   4.2502586e-01
   5.2553216e-01
   6.1919263e-01
   7.0477878e-01
   7.8116646e-01
   8.4735069e-01
   9.0245901e-01
   9.4576307e-01
   9.7668839e-01
   9.9482212e-01
   9.9991866e-01
   9.9190314e-01
   9.7087267e-01
   9.3709524e-01
   8.9100652e-01
   8.3320437e-01
   7.6444115e-01
   6.8561414e-01
   5.9775388e-01
   5.0201083e-01
   3.9964040e-01
   2.9198654e-01
   1.8046421e-01
   6.6540782e-02
  -4.8283207e-02
  -1.6249380e-01
  -2.7458358e-01
  -3.8307160e-01
  -4.8652295e-01
  -5.8356779e-01
  -6.7291956e-01
  -7.5339213e-01
  -8.2391557e-01
  -8.8355054e-01
  -9.3150090e-01
  -9.6712443e-01
  -9.8994160e-01
  -9.9964212e-01
  -9.9608932e-01
  -9.7932224e-01
  -9.4955528e-01
  -9.0717569e-01
  -8.5273864e-01
  -7.8696006e-01
  -7.1070739e-01
  -6.2498825e-01
  -5.3093721e-01
  -4.2980089e-01
  -3.2292155e-01
  -2.1171927e-01
  -9.7673223e-02
   1.7698024e-02
   1.3285668e-01
   2.4626621e-01
   3.5641188e-01
   4.6182099e-01
   5.6108260e-01
   6.5286651e-01
   7.3594113e-01
   8.0919008e-01
   8.7162733e-01
   9.2241057e-01
   9.6085269e-01
   9.8643119e-01
   9.9879546e-01
   9.9777167e-01
   9.8336541e-01
   9.5576183e-01
   9.1532343e-01
   8.6258542e-01
   7.9824881e-01
   7.2317120e-01
   6.3835547e-01
   5.4493651e-01
   4.4416612e-01
   3.3739635e-01
   2.2606140e-01
   1.1165842e-01
  -4.2725530e-03
  -1.2016933e-01
  -2.3446859e-01
  -3.4562700e-01
  -4.5214207e-01
  -5.5257247e-01
  -6.4555766e-01
  -7.2983633e-01
  -8.0426363e-01
  -8.6782681e-01
  -9.1965913e-01
  -9.5905177e-01
  -9.8546369e-01
  -9.9852918e-01
  -9.9806305e-01
  -9.8406344e-01
  -9.5671205e-01
  -9.1637199e-01
  -8.6358305e-01
  -7.9905467e-01
  -7.2365651e-01
  -6.3840685e-01
  -5.4445898e-01
  -4.4308566e-01
  -3.3566202e-01
  -2.2364692e-01
  -1.0856325e-01
   8.0227562e-03
   1.2452282e-01
   2.3934822e-01
   3.5093149e-01
   4.5774784e-01
   5.5833601e-01
   6.5131837e-01
   7.3541979e-01
   8.0948531e-01
   8.7249601e-01
   9.2358321e-01
   9.6204053e-01
   9.8733384e-01
   9.9910874e-01
   9.9719576e-01
   9.8161286e-01
   9.5256552e-01
   9.1044413e-01
   8.5581893e-01
   7.8943240e-01
   7.1218932e-01
   6.2514458e-01
   5.2948885e-01
   4.2653243e-01
   3.1768738e-01
   2.0444822e-01
   8.8371455e-02
  -2.8945733e-02
  -1.4588749e-01
  -2.6084151e-01
  -3.7222128e-01
  -4.7848804e-01
  -5.7817202e-01
  -6.6989291e-01
  -7.5237898e-01
  -8.2448487e-01
  -8.8520756e-01
  -9.3370046e-01
  -9.6928534e-01
  -9.9146194e-01
  -9.9991517e-01
  -9.9451971e-01
  -9.7534203e-01
  -9.4263974e-01
  -8.9685827e-01
  -8.3862494e-01
  -7.6874054e-01
  -6.8816845e-01
  -5.9802144e-01
  -4.9954648e-01
  -3.9410754e-01
  -2.8316679e-01
  -1.6826444e-01
  -5.0997334e-02
   6.7003132e-02
   1.8409374e-01
   2.9864230e-01
   4.0905046e-01
   5.1377598e-01
   6.1135441e-01
   7.0041956e-01
   7.7972278e-01
   8.4815051e-01
   9.0474009e-01
   9.4869336e-01
   9.7938812e-01
   9.9638703e-01
   9.9944401e-01
   9.8850794e-01
   9.6372368e-01
   9.2543027e-01
   8.7415646e-01
   8.1061360e-01
   7.3568583e-01
   6.5041800e-01
   5.5600116e-01
   4.5375605e-01
   3.4511474e-01
   2.3160062e-01
   1.1480712e-01
  -3.6246046e-03
  -1.2202872e-01
  -2.3873812e-01
  -3.5210793e-01
  -4.6053871e-01
  -5.6249904e-01
  -6.5654725e-01
  -7.4135185e-01
  -8.1571050e-01
  -8.7856715e-01
  -9.2902718e-01
  -9.6637024e-01
  -9.9006070e-01
  -9.9975543e-01
  -9.9530901e-01
  -9.7677598e-01
  -9.4441037e-01
  -8.9866241e-01
  -8.4017236e-01
  -7.6976176e-01
  -6.8842199e-01
  -5.9730045e-01
  -4.9768449e-01
  -3.9098335e-01
  -2.7870826e-01
  -1.6245118e-01
  -4.3862192e-02
   7.5373795e-02
   1.9356103e-01
   3.0901699e-01
   4.2009642e-01
   5.2521473e-01
   6.2287073e-01
   7.1166811e-01
   7.9033549e-01
   8.5774476e-01
   9.1292734e-01
   9.5508824e-01
   9.8361767e-01
   9.9810001e-01
   9.9831997e-01
   9.8426600e-01
   9.5613071e-01
   9.1430839e-01
   8.5938968e-01
   7.9215332e-01
   7.1355529e-01
   6.2471538e-01
   5.2690128e-01
   4.2151068e-01
   3.1005135e-01
   1.9411964e-01
   7.5377711e-02
  -4.4470281e-02
  -1.6370261e-01
  -2.8060473e-01
  -3.9349389e-01
  -5.0074347e-01
  -6.0080642e-01
  -6.9223765e-01
  -7.7371500e-01
  -8.4405848e-01
  -9.0224745e-01
  -9.4743555e-01
  -9.7896320e-01
  -9.9636733e-01
  -9.9938834e-01
  -9.8797417e-01
  -9.6228129e-01
  -9.2267274e-01
  -8.6971317e-01
  -8.0416094e-01
  -7.2695740e-01
  -6.3921354e-01
  -5.4219409e-01
  -4.3729942e-01
  -3.2604545e-01
  -2.1004177e-01
  -9.0968472e-02
   2.9448173e-02
   1.4946071e-01
   2.6732583e-01
   3.8132975e-01
   4.8981313e-01
   5.9119528e-01
   6.8399728e-01
   7.6686363e-01
   8.3858215e-01
   8.9810185e-01
   9.4454843e-01
   9.7723731e-01
   9.9568381e-01
   9.9961057e-01
   9.8895179e-01
   9.6385458e-01
   9.2467700e-01
   8.7198320e-01
   8.0653541e-01
   7.2928307e-01
   6.4134920e-01
   5.4401423e-01
   4.3869741e-01
   3.2693628e-01
   2.1036427e-01
   9.0686897e-02
  -3.0343127e-02
  -1.5095156e-01
  -2.6936863e-01
  -3.8385499e-01
  -4.9272734e-01
  -5.9438321e-01
  -6.8732461e-01
  -7.7018022e-01
  -8.4172570e-01
  -9.0090192e-01
  -9.4683078e-01
  -9.7882838e-01
  -9.9641532e-01
  -9.9932412e-01
  -9.8750336e-01
  -9.6111881e-01
  -9.2055122e-01
  -8.6639104e-01
  -7.9942994e-01
  -7.2064943e-01
  -6.3120661e-01
  -5.3241726e-01
  -4.2573665e-01
  -3.1273820e-01
  -1.9509032e-01
  -7.4531867e-02
   4.7153522e-02
   1.6816379e-01
   2.8670514e-01
   4.0101866e-01
   5.0940642e-01
   6.1025682e-01
   7.0206854e-01
   7.8347306e-01
   8.5325513e-01
   9.1037103e-01
   9.5396435e-01
   9.8337896e-01
   9.9816906e-01
   9.9810605e-01
   9.8318231e-01
   9.5361153e-01
   9.0982588e-01
   8.5246982e-01
   7.8239081e-01
   7.0062694e-01
   6.0839166e-01
   5.0705593e-01
   3.9812796e-01
   2.8323082e-01
   1.6407838e-01
   4.2449792e-02
  -7.9837060e-02
  -2.0095269e-01
  -3.1908337e-01
  -4.3245836e-01
  -5.3937643e-01
  -6.3823153e-01
  -7.2753691e-01
  -8.0594766e-01
  -8.7228102e-01
  -9.2553439e-01
  -9.6490063e-01
  -9.8978040e-01
  -9.9979151e-01
  -9.9477492e-01
  -9.7479742e-01
  -9.4015097e-01
  -8.9134857e-01
  -8.2911686e-01
  -7.5438544e-01
  -6.6827315e-01
  -5.7207144e-01
  -4.6722515e-01
  -3.5531090e-01
  -2.3801350e-01
  -1.1710061e-01
   5.6037866e-03
   1.2824692e-01
   2.4897515e-01
   3.6596204e-01
   4.7743598e-01
   5.8170709e-01
   6.7719291e-01
   7.6244251e-01
   8.3615862e-01
   8.9721753e-01
   9.4468633e-01
   9.7783735e-01
   9.9615944e-01
   9.9936603e-01
   9.8739979e-01
   9.6043380e-01
   9.1886922e-01
   8.6332950e-01
   7.9465122e-01
   7.1387161e-01
   6.2221307e-01
   5.2106475e-01
   4.1196169e-01
   2.9656158e-01
   1.7661964e-01
   5.3962047e-02
  -6.9541884e-02
  -1.9200814e-01
  -3.1156674e-01
  -4.2639035e-01
  -5.3472222e-01
  -6.3490313e-01
  -7.2539690e-01
  -8.0481404e-01
  -8.7193322e-01
  -9.2572016e-01
  -9.6534373e-01
  -9.9018897e-01
  -9.9986676e-01
  -9.9422012e-01
  -9.7332693e-01
  -9.3749900e-01
  -8.8727764e-01
  -8.2342566e-01
  -7.4691590e-01
  -6.5891662e-01
  -5.6077376e-01
  -4.5399050e-01
  -3.4020436e-01
  -2.2116214e-01
  -9.8693216e-02
   2.5318531e-02
   1.4896368e-01
   2.7033664e-01
   3.8756506e-01
   4.9883872e-01
   6.0243756e-01
   6.9675834e-01
   7.8033955e-01
   8.5188419e-01
   9.1028001e-01
   9.5461692e-01
   9.8420140e-01
   9.9856747e-01
   9.9748418e-01
   9.8095956e-01
   9.4924077e-01
   9.0281058e-01
   8.4238022e-01
   7.6887866e-01
   6.8343847e-01
   5.8737852e-01
   4.8218377e-01
   3.6948241e-01
   2.5102078e-01
   1.2863636e-01
   4.2293565e-03
  -1.2026679e-01
  -2.4291542e-01
  -3.6180681e-01
  -4.7508793e-01
  -5.8099136e-01
  -6.7786300e-01
  -7.6418792e-01
  -8.3861424e-01
  -8.9997438e-01
  -9.4730355e-01
  -9.7985505e-01
  -9.9711227e-01
  -9.9879700e-01
  -9.8487413e-01
  -9.5555252e-01
  -9.1128204e-01
  -8.5274684e-01
  -7.8085500e-01
  -6.9672453e-01
  -6.0166622e-01
  -4.9716327e-01
  -3.8484833e-01
  -2.6647810e-01
  -1.4390586e-01
  -1.9052607e-02
   1.0612307e-01
   2.2965566e-01
   3.4960366e-01
   4.6408004e-01
   5.7128204e-01
   6.6951962e-01
   7.5724219e-01
   8.3306319e-01
   8.9578217e-01
   9.4440392e-01
   9.7815440e-01
   9.9649330e-01
   9.9912278e-01
   9.8599254e-01
   9.5730096e-01
   9.1349221e-01
   8.5524964e-01
   7.8348526e-01
   6.9932564e-01
   6.0409435e-01
   4.9929132e-01
   3.8656932e-01
   2.6770800e-01
   1.4458589e-01
   1.9150763e-02
  -1.0661115e-01
  -2.3070659e-01
  -3.5116683e-01
  -4.6607899e-01
  -5.7361647e-01
  -6.7206800e-01
  -7.5986502e-01
  -8.3560680e-01
  -8.9808285e-01
  -9.4629250e-01
  -9.7946103e-01
  -9.9705232e-01
  -9.9877766e-01
  -9.8460074e-01
  -9.5473848e-01
  -9.0965795e-01
  -8.5006923e-01
  -7.7691443e-01
  -6.9135292e-01
  -5.9474316e-01
  -4.8862124e-01
  -3.7467658e-01
  -2.5472516e-01
  -1.3068063e-01
  -4.5238780e-03
   1.2172859e-01
   2.4605687e-01
   3.6646997e-01
   4.8103773e-01
   5.8792186e-01
   6.8540543e-01
   7.7192064e-01
   8.4607410e-01
   9.0666944e-01
   9.5272673e-01
   9.8349853e-01
   9.9848218e-01
   9.9742820e-01
   9.8034459e-01
   9.4749710e-01
   8.9940525e-01
   8.3683431e-01
   7.6078329e-01
   6.7246919e-01
   5.7330762e-01
   4.6489034e-01
   3.4895972e-01
   2.2738093e-01
   1.0211197e-01
  -2.4827812e-02
  -1.5139021e-01
  -2.7553124e-01
  -3.9524412e-01
  -5.0859179e-01
  -6.1373830e-01
  -7.0897864e-01
  -7.9276648e-01
  -8.6373943e-01
  -9.2074132e-01
  -9.6284120e-01
  -9.8934869e-01
  -9.9982552e-01
  -9.9409295e-01
  -9.7223500e-01
  -9.3459741e-01
  -8.8178239e-01
  -8.1463918e-01
  -7.3425053e-01
  -6.4191547e-01
  -5.3912840e-01
  -4.2755509e-01
  -3.0900579e-01
  -1.8540593e-01
  -5.8764958e-02
   6.8856308e-02
   1.9537918e-01
   3.1874095e-01
   4.3692856e-01
   5.4801150e-01
   6.5017338e-01
   7.4174177e-01
   8.2121569e-01
   8.8729032e-01
   9.3887859e-01
   9.7512924e-01
   9.9544105e-01
   9.9947295e-01
   9.8715000e-01
   9.5866493e-01
   9.1447532e-01
   8.5529644e-01
   7.8208990e-01
   6.9604815e-01
   5.9857524e-01
   4.9126408e-01
   3.7587050e-01
   2.5428463e-01
   1.2850006e-01
   5.8119461e-04
  -1.2737059e-01
  -2.5325145e-01
  -3.7498968e-01
  -4.9057984e-01
  -5.9811586e-01
  -6.9582255e-01
  -7.8208501e-01
  -8.5547545e-01
  -9.1477698e-01
  -9.5900393e-01
  -9.8741843e-01
  -9.9954287e-01
  -9.9516816e-01
  -9.7435750e-01
  -9.3744569e-01
  -8.8503395e-01
  -8.1798033e-01
  -7.3738581e-01
  -6.4457643e-01
  -5.4108162e-01
  -4.2860914e-01
  -3.0901699e-01
  -1.8428287e-01
  -5.6471486e-02
   7.2299524e-02
   1.9989468e-01
   3.2419605e-01
   4.4313847e-01
   5.5474387e-01
   6.5715426e-01
   7.4866277e-01
   8.2774219e-01
   8.9307064e-01
   9.4355379e-01
   9.7834339e-01
   9.9685167e-01
   9.9876150e-01
   9.8403200e-01
   9.5289958e-01
   9.0587434e-01
   8.4373192e-01
   7.6750091e-01
   6.7844597e-01
   5.7804706e-01
   4.6797493e-01
   3.5006351e-01
   2.2627944e-01
   9.8689308e-02
  -3.0574712e-02
  -1.5935052e-01
  -2.8548221e-01
  -4.0685622e-01
  -5.2143675e-01
  -6.2729998e-01
  -7.2266653e-01
  -8.0593138e-01
  -8.7569112e-01
  -9.3076768e-01
  -9.7022845e-01
  -9.9340222e-01
  -9.9989082e-01
  -9.8957612e-01
  -9.6262241e-01
  -9.1947397e-01
  -8.6084796e-01
  -7.8772269e-01
  -7.0132151e-01
  -6.0309244e-01
  -4.9468415e-01
  -3.7791835e-01
  -2.5475933e-01
  -1.2728100e-01
   2.3679732e-03
   1.3200035e-01
   2.5942717e-01
   3.8249476e-01
   4.9912118e-01
   6.0733147e-01
   7.0529121e-01
   7.9133772e-01
   8.6400845e-01
   9.2206593e-01
   9.6451907e-01
   9.9064023e-01
   9.9997790e-01
   9.9236469e-01
   9.6792055e-01
   9.2705107e-01
   8.7044098e-01
   7.9904287e-01
   7.1406134e-01
   6.1693286e-01
   5.0930166e-01
   3.9299202e-01
   2.6997745e-01
   1.4234735e-01
   1.2271538e-02
  -1.1803655e-01
  -2.4635755e-01
  -3.7050394e-01
  -4.8835740e-01
  -5.9790498e-01
  -6.9727364e-01
  -7.8476231e-01
  -8.5887119e-01
  -9.1832760e-01
  -9.6210802e-01
  -9.8945588e-01
  -9.9989484e-01
  -9.9323728e-01
  -9.6958786e-01
  -9.2934215e-01
  -8.7318017e-01
  -8.0205509e-01
  -7.1717733e-01
  -6.1999405e-01
  -5.1216467e-01
  -3.9553268e-01
  -2.7209425e-01
  -1.4396415e-01
  -1.3339592e-02
   1.1753740e-01
   2.4641845e-01
   3.7108747e-01
   4.8939881e-01
   5.9931425e-01
   6.9893817e-01
   7.8655040e-01
   8.6063606e-01
   9.1991186e-01
   9.6334855e-01
   9.9018897e-01
   9.9996141e-01
   9.9248818e-01
   9.6788897e-01
   9.2657918e-01
   8.6926315e-01
   7.9692229e-01
   7.1079855e-01
   6.1237321e-01
   5.0334159e-01
   3.8558399e-01
   2.6113340e-01
   1.3214048e-01
   8.3644895e-04
  -1.3050543e-01
  -2.5960920e-01
  -3.8423570e-01
  -5.0222139e-01
  -6.1151599e-01
  -7.1021824e-01
  -7.9660905e-01
  -8.6918160e-01
  -9.2666777e-01
  -9.6806051e-01
  -9.9263163e-01
  -9.9994483e-01
  -9.8986367e-01
  -9.6255431e-01
  -9.1848297e-01
  -8.5840822e-01
  -7.8336812e-01
  -6.9466245e-01
  -5.9383042e-01
  -4.8262407e-01
  -3.6297803e-01
  -2.3697592e-01
  -1.0681419e-01
   2.5236091e-02
   1.5686886e-01
   2.8578329e-01
   4.0972403e-01
   5.2652074e-01
   6.3412611e-01
   7.3065192e-01
   8.1440224e-01
   8.8390341e-01
   9.3793010e-01
   9.7552716e-01
   9.9602662e-01
   9.9905985e-01
   9.8456433e-01
   9.5278517e-01
   9.0427117e-01
   8.3986555e-01
   7.6069153e-01
   6.6813291e-01
   5.6381005e-01
   4.4955170e-01
   3.2736303e-01
   1.9939060e-01
   6.7884694e-02
  -6.4840149e-02
  -1.9644588e-01
  -3.2461209e-01
  -4.4707698e-01
  -5.6167732e-01
  -6.6638673e-01
  -7.5935166e-01
  -8.3892428e-01
  -9.0369189e-01
  -9.5250216e-01
  -9.8448381e-01
  -9.9906240e-01
  -9.9597082e-01
  -9.7525442e-01
  -9.3727058e-01
  -8.8268279e-01
  -8.1244925e-01
  -7.2780627e-01
  -6.3024669e-01
  -5.2149371e-01
  -4.0347064e-01
  -2.7826698e-01
  -1.4810156e-01
  -1.5283253e-02
   1.1782988e-01
   2.4887246e-01
   3.7551384e-01
   4.9549960e-01
   6.0669172e-01
   7.0710678e-01
   7.9495150e-01
   8.6865486e-01
   9.2689640e-01
   9.6863002e-01
   9.9310303e-01
   9.9986988e-01
   9.8880051e-01
   9.6008306e-01
   9.1422090e-01
   8.5202402e-01
   7.7459496e-01
   6.8330946e-01
   5.7979215e-01
   4.6588789e-01
   3.4362896e-01
   2.1519896e-01
   8.2893869e-02
  -5.0918896e-02
  -1.8384284e-01
  -3.1349529e-01
  -4.3755015e-01
  -5.5377963e-01
  -6.6009443e-01
  -7.5458132e-01
  -8.3553776e-01
  -9.0150271e-01
  -9.5128319e-01
  -9.8397603e-01
  -9.9898452e-01
  -9.9602942e-01
  -9.7515448e-01
  -9.3672597e-01
  -8.8142652e-01
  -8.1024320e-01
  -7.2445014e-01
  -6.2558585e-01
  -5.1542587e-01
  -3.9595102e-01
  -2.6931190e-01
  -1.3779029e-01
  -3.7581214e-03
   1.3036526e-01
   2.6215676e-01
   3.8923328e-01
   5.0929490e-01
   6.2016658e-01
   7.1983761e-01
   8.0649827e-01
   8.7857278e-01
   9.3474818e-01
   9.7399841e-01
   9.9560326e-01
   9.9916180e-01
   9.8460005e-01
   9.5217273e-01
   9.0245901e-01
   8.3635242e-01
   7.5504498e-01
   6.6000593e-01
   5.5295536e-01
   4.3583322e-01
   3.1076435e-01
   1.8002000e-01
   4.5976703e-02
  -8.8926892e-02
  -2.2223433e-01
  -3.5151611e-01
  -4.7441396e-01
  -5.8868398e-01
  -6.9223765e-01
  -7.8318014e-01
  -8.5984514e-01
  -9.2082557e-01
  -9.6499956e-01
  -9.9155132e-01
  -9.9998640e-01
  -9.9014117e-01
  -9.6218615e-01
  -9.1662334e-01
  -8.5427743e-01
  -7.7628109e-01
  -6.8405457e-01
  -5.7928011e-01
  -4.6387132e-01
  -3.3993846e-01
  -2.0974997e-01
  -7.5690973e-02
   5.9780261e-02
   1.9417742e-01
   3.2503177e-01
   4.4993751e-01
   5.6659609e-01
   6.7285856e-01
   7.6676533e-01
   8.4658240e-01
   9.1083357e-01
   9.5832793e-01
   9.8818214e-01
   9.9983706e-01
   9.9306846e-01
   9.6799155e-01
   9.2505931e-01
   8.6505446e-01
   7.8907551e-01
   6.9851677e-01
   5.9504303e-01
   4.8055911e-01
   3.5717493e-01
   2.2716677e-01
   9.2935379e-02
  -4.3038303e-02
  -1.7823894e-01
  -3.1016335e-01
  -4.3636684e-01
  -5.5450860e-01
  -6.6239518e-01
  -7.5802137e-01
  -8.3960754e-01
  -9.0563302e-01
  -9.5486454e-01
  -9.8637957e-01
  -9.9958371e-01
  -9.9422223e-01
  -9.7038517e-01
  -9.2850608e-01
  -8.6935437e-01
  -7.9402143e-01
  -7.0390068e-01
  -6.0066201e-01
  -4.8622100e-01
  -3.6270358e-01
  -2.3240660e-01
  -9.7755295e-02
   3.8741847e-02
   1.7453974e-01
   3.0710416e-01
   4.3395905e-01
   5.5273284e-01
   6.6120287e-01
   7.5733708e-01
   8.3933226e-01
   9.0564800e-01
   9.5503586e-01
   9.8656304e-01
   9.9963025e-01
   9.9398334e-01
   9.6971844e-01
   9.2728059e-01
   8.6745585e-01
   7.9135693e-01
   7.0040274e-01
   5.9629213e-01
   4.8097232e-01
   3.5660266e-01
   2.2551434e-01
   9.0166747e-02
  -4.6898550e-02
  -1.8310552e-01
  -3.1589206e-01
  -4.4275823e-01
  -5.6131337e-01
  -6.6932125e-01
  -7.6474234e-01
  -8.4577252e-01
  -9.1087733e-01
  -9.5882122e-01
  -9.8869124e-01
  -9.9991460e-01
  -9.9226995e-01
  -9.6589194e-01
  -9.2126909e-01
  -8.5923503e-01
  -7.8095312e-01
  -6.8789487e-01
  -5.8181249e-01
  -4.6470605e-01
  -3.3878595e-01
  -2.0643132e-01
  -7.0145164e-02
   6.7492895e-02
   2.0387542e-01
   3.3641654e-01
   4.6260103e-01
   5.8003209e-01
   6.8647699e-01
   7.7990961e-01
   8.5854920e-01
   9.2089447e-01
   9.6575249e-01
   9.9226167e-01
   9.9990860e-01
   9.8853820e-01
   9.5835710e-01
   9.0993015e-01
   8.4417007e-01
   7.6232053e-01
   6.6593277e-01
   5.5683647e-01
   4.3710517e-01
   3.0901699e-01
   1.7501146e-01
   3.7643092e-02
  -1.0046721e-01
  -2.3668214e-01
  -3.6839838e-01
  -4.9309636e-01
  -6.0838854e-01
  -7.1206526e-01
  -8.0213718e-01
  -8.7687362e-01
  -9.3483606e-01
  -9.7490594e-01
  -9.9630655e-01
  -9.9861828e-01
  -9.8178711e-01
  -9.4612606e-01
  -8.9230964e-01
  -8.2136132e-01
  -7.3463431e-01
  -6.3378597e-01
  -5.2074630e-01
  -3.9768122e-01
  -2.6695119e-01
  -1.3106606e-01
   7.3630412e-03
   1.4567381e-01
   2.8120398e-01
   4.1134256e-01
   5.3358020e-01
   6.4555766e-01
   7.4511148e-01
   8.3031588e-01
   8.9952023e-01
   9.5138121e-01
   9.8488910e-01
   9.9938766e-01
   9.9458724e-01
   9.7057081e-01
   9.2779279e-01
   8.6707070e-01
   7.8956978e-01
   6.9678087e-01
   5.9049193e-01
   4.7275379e-01
   3.4584072e-01
   2.1220667e-01
   7.4437881e-02
  -6.4797043e-02
  -2.0279883e-01
  -3.3688985e-01
  -4.6446611e-01
  -5.8304786e-01
  -6.9032796e-01
  -7.8421680e-01
  -8.6288328e-01
  -9.2479060e-01
  -9.6872656e-01
  -9.9382750e-01
  -9.9959552e-01
  -9.8590858e-01
  -9.5302336e-01
  -9.0157068e-01
  -8.3254364e-01
  -7.4727873e-01
  -6.4743015e-01
  -5.3493790e-01
  -4.1199032e-01
  -2.8098163e-01
  -1.4446544e-01
  -5.1050659e-03
   1.3437836e-01
   2.7125903e-01
   4.0285971e-01
   5.2660420e-01
   6.4006780e-01
   7.4102496e-01
   8.2749312e-01
   8.9777173e-01
   9.5047601e-01
   9.8456433e-01
   9.9935916e-01
   9.9456069e-01
   9.7025317e-01
   9.2690376e-01
   8.6535376e-01
   7.8680254e-01
   6.9278441e-01
   5.8513885e-01
   4.6597476e-01
   3.3762924e-01
   2.0262194e-01
   6.3605701e-02
  -7.6685530e-02
  -2.1549041e-01
  -3.5007455e-01
  -4.7778444e-01
  -5.9609981e-01
  -7.0268350e-01
  -7.9542774e-01
  -8.7249601e-01
  -9.3235961e-01
  -9.7382821e-01
  -9.9607370e-01
  -9.9864702e-01
  -9.8148747e-01
  -9.4492435e-01
  -8.8967093e-01
  -8.1681075e-01
  -7.2777665e-01
  -6.2432280e-01
  -5.0849035e-01
  -3.8256733e-01
  -2.4904361e-01
  -1.1056177e-01
   3.0135092e-02
   1.7025766e-01
   3.0702568e-01
   4.3772316e-01
   5.5975238e-01
   6.7068558e-01
   7.6831341e-01
   8.5068911e-01
   9.1616750e-01
   9.6343804e-01
   9.9155132e-01
   9.9993833e-01
   9.8842230e-01
   9.5722259e-01
   9.0695085e-01
   8.3859927e-01
   7.5352123e-01
   6.5340475e-01
   5.4023922e-01
   4.1627603e-01
   2.8398397e-01
   1.4600015e-01
   5.0775773e-03
  -1.3596976e-01
  -2.7432303e-01
  -4.0721492e-01
  -5.3198505e-01
  -6.4613330e-01
  -7.4737006e-01
  -8.3366227e-01
  -9.0327446e-01
  -9.5480387e-01
  -9.8720892e-01
  -9.9983055e-01
  -9.9240581e-01
  -9.6507367e-01
  -9.1837267e-01
  -8.5323055e-01
  -7.7094611e-01
  -6.7316353e-01
  -5.6183976e-01
  -4.3920550e-01
  -3.0772074e-01
  -1.7002547e-01
  -2.8886852e-02
   1.1285638e-01
   2.5235098e-01
   3.8678661e-01
   5.1345252e-01
   6.2979229e-01
   7.3345558e-01
   8.2234569e-01
   8.9466221e-01
   9.4893770e-01
   9.8406763e-01
   9.9933318e-01
   9.9441617e-01
   9.6940595e-01
   9.2479807e-01
   8.6148474e-01
   7.8073723e-01
   6.8418060e-01
   5.7376121e-01
   4.5170768e-01
   3.2048611e-01
   1.8275033e-01
   4.1288422e-02
  -1.0103372e-01
  -2.4133040e-01
  -3.7675461e-01
  -5.0455588e-01
  -6.2213621e-01
  -7.2710300e-01
  -8.1731790e-01
  -8.9094055e-01
  -9.4646631e-01
  -9.8275727e-01
  -9.9906580e-01
  -9.9505024e-01
  -9.7078227e-01
  -9.2674599e-01
  -8.6382847e-01
  -7.8330221e-01
  -6.8679960e-01
  -5.7628006e-01
  -4.5399050e-01
  -3.2241976e-01
  -1.8424813e-01
  -4.2292854e-02
   1.0054926e-01
   2.4136089e-01
   3.7726382e-01
   5.0547780e-01
   6.2337751e-01
   7.2854644e-01
   8.1882656e-01
   8.9236281e-01
   9.4764141e-01
   9.8352126e-01
   9.9925775e-01
   9.9451847e-01
   9.6939052e-01
   9.2437917e-01
   8.6039800e-01
   7.7875062e-01
   6.8110433e-01
   5.6945636e-01
   4.4609316e-01
   3.1354377e-01
   1.7452814e-01
   3.1901387e-02
  -1.1140476e-01
  -2.5244218e-01
  -3.8830705e-01
  -5.1619965e-01
  -6.3348216e-01
  -7.3773320e-01
  -8.2679794e-01
  -8.9883287e-01
  -9.5234417e-01
  -9.8621891e-01
  -9.9974844e-01
  -9.9264352e-01
  -9.6504074e-01
  -9.1750022e-01
  -8.5099448e-01
  -7.6688883e-01
  -6.6691361e-01
  -5.5312876e-01
  -4.2788166e-01
  -2.9375881e-01
  -1.5353257e-01
  -1.0103975e-02
   1.3355723e-01
   2.7447408e-01
   4.0972403e-01
   5.3649971e-01
   6.5216721e-01
   7.5432099e-01
   8.4083407e-01
   9.0990245e-01
   9.6008306e-01
   9.9032404e-01
   9.9998713e-01
   9.8886138e-01
   9.5716803e-01
   9.0555640e-01
   8.3509086e-01
   7.4722915e-01
   6.4379248e-01
   5.2692798e-01
   3.9906436e-01
   2.6286156e-01
   1.2115560e-01
  -2.3100432e-02
  -1.6689781e-01
  -3.0723496e-01
  -4.4118009e-01
  -5.6593256e-01
  -6.7888148e-01
  -7.7766056e-01
  -8.6019781e-01
  -9.2475922e-01
  -9.6998544e-01
  -9.9492062e-01
  -9.9903293e-01
  -9.8222612e-01
  -9.4484207e-01
  -8.8765409e-01
  -8.1185125e-01
  -7.1901389e-01
  -6.1108090e-01
  -4.9030948e-01
  -3.5922812e-01
  -2.2058381e-01
  -7.7284576e-02
   6.7661370e-02
   2.1120879e-01
   3.5033939e-01
   4.8212529e-01
   6.0379075e-01
   7.1277074e-01
   8.0676519e-01
   8.8378768e-01
   9.4220768e-01
   9.8078528e-01
   9.9869779e-01
   9.9555753e-01
   9.7142053e-01
   9.2678582e-01
   8.6258542e-01
   7.8016516e-01
   6.8125671e-01
   5.6794143e-01
   4.4260682e-01
   3.0789634e-01
   1.6665388e-01
   2.1863743e-02
  -1.2341226e-01
  -2.6609958e-01
  -4.0317598e-01
  -5.3173564e-01
  -6.4905081e-01
  -7.5262985e-01
  -8.4027031e-01
  -9.1010597e-01
  -9.6064679e-01
  -9.9081098e-01
  -9.9994840e-01
  -9.8785487e-01
  -9.5477702e-01
  -9.0140751e-01
  -8.2887089e-01
  -7.3870008e-01
  -6.3280433e-01
  -5.1342893e-01
  -3.8310788e-01
  -2.4461022e-01
  -1.0088135e-01
   4.5019510e-02
   1.8998442e-01
   3.3092288e-01
   4.6482775e-01
   5.8883952e-01
   7.0030744e-01
   7.9684638e-01
   8.7638802e-01
   9.3722540e-01
   9.7804979e-01
   9.9797910e-01
   9.9657724e-01
   9.7386390e-01
   9.3031471e-01
   8.6685150e-01
   7.8482315e-01
   6.8597711e-01
   5.7242247e-01
   4.4658514e-01
   3.1115625e-01
   1.6903471e-01
   2.3265321e-02
  -1.2302645e-01
  -2.6670140e-01
  -4.0467400e-01
  -5.3397869e-01
  -6.5183373e-01
  -7.5570118e-01
  -8.4334174e-01
  -9.1286322e-01
  -9.6276161e-01
  -9.9195393e-01
  -9.9980196e-01
  -9.8612650e-01
  -9.5121173e-01
  -8.9579963e-01
  -8.2107450e-01
  -7.2863789e-01
  -6.2047459e-01
  -4.9891019e-01
  -3.6656131e-01
  -2.2627944e-01
  -8.1089622e-02
   6.5874658e-02
   2.1143909e-01
   3.5245708e-01
   4.8587781e-01
   6.0881231e-01
   7.1859618e-01
   8.1284745e-01
   8.8951847e-01
   9.4694065e-01
   9.8386100e-01
   9.9946976e-01
   9.9341842e-01
   9.6582785e-01
   9.1728611e-01
   8.4883631e-01
   7.6195443e-01
   6.5851774e-01
   5.4076455e-01
   4.1124591e-01
   2.7277059e-01
   1.2834428e-01
  -1.8895555e-02
  -1.6574774e-01
  -3.0901699e-01
  -4.4558347e-01
  -5.7247076e-01
  -6.8691091e-01
  -7.8640488e-01
  -8.6877740e-01
  -9.3222468e-01
  -9.7535416e-01
  -9.9721541e-01
  -9.9732128e-01
  -9.7565909e-01
  -9.3269144e-01
  -8.6934661e-01
  -7.8699883e-01
  -6.8743870e-01
  -5.7283455e-01
  -4.4568542e-01
  -3.0876675e-01
  -1.6506998e-01
  -1.7737287e-02
   1.3000706e-01
   2.7492719e-01
   4.1384656e-01
   5.4371764e-01
   6.6168883e-01
   7.6516727e-01
   8.5187597e-01
   9.1990416e-01
   9.6774963e-01
   9.9435217e-01
   9.9911734e-01
   9.8193007e-01
   9.4315771e-01
   8.8364248e-01
   8.0468350e-01
   7.0800867e-01
   5.9573715e-01
   4.7033316e-01
   3.3455204e-01
   1.9137991e-01
   4.3968118e-02
  -1.0443603e-01
  -2.5056080e-01
  -3.9118213e-01
  -5.2319484e-01
  -6.4368129e-01
  -7.4997601e-01
  -8.3972484e-01
  -9.1093728e-01
  -9.6203089e-01
  -9.9186670e-01
  -9.9977492e-01
  -9.8557024e-01
  -9.4955651e-01
  -8.9252049e-01
  -8.1571504e-01
  -7.2083182e-01
  -6.0996435e-01
  -4.8556200e-01
  -3.5037617e-01
  -2.0739951e-01
  -5.9799861e-02
   8.9149842e-02
   2.3614413e-01
   3.7791835e-01
   5.1132121e-01
   6.3338492e-01
   7.4139138e-01
   8.3293283e-01
   9.0596579e-01
   9.5885690e-01
   9.9041972e-01
   9.9994160e-01
   9.8720016e-01
   9.5246867e-01
   8.9651059e-01
   8.2056308e-01
   7.2630989e-01
   6.1584438e-01
   4.9162319e-01
   3.5641188e-01
   2.1322350e-01
   6.5251610e-02
  -8.4200899e-02
  -2.3179544e-01
  -3.7423234e-01
  -5.0832465e-01
  -6.3106953e-01
  -7.3971566e-01
  -8.3182506e-01
  -9.0532803e-01
  -9.5856990e-01
  -9.9034855e-01
  -9.9994182e-01
  -9.8712426e-01
  -9.5217273e-01
  -8.9586071e-01
  -8.1944150e-01
  -7.2462066e-01
  -6.1351815e-01
  -4.8862124e-01
  -3.5272902e-01
  -2.0888981e-01
  -6.0332967e-02
   8.9603549e-02
   2.3754815e-01
   3.8017140e-01
   5.1426105e-01
   6.3679441e-01
   7.4500671e-01
   8.3645358e-01
   9.0906657e-01
   9.6120009e-01
   9.9166908e-01
   9.9977616e-01
   9.8532795e-01
   9.4863996e-01
   8.9053002e-01
   8.1230041e-01
   7.1570888e-01
   6.0292954e-01
   4.7650407e-01
   3.3928470e-01
   1.9437003e-01
   4.5035202e-02
  -1.0534207e-01
  -2.5335782e-01
  -3.9565891e-01
  -5.2901905e-01
  -6.5041204e-01
  -7.5708058e-01
  -8.4659912e-01
  -9.1692919e-01
  -9.6646611e-01
  -9.9407589e-01
  -9.9912146e-01
  -9.8147769e-01
  -9.4153480e-01
  -8.8019007e-01
  -7.9882795e-01
  -6.9928915e-01
  -5.8382925e-01
  -4.5506785e-01
  -3.1592932e-01
  -1.6957656e-01
  -1.9339224e-02
   1.3136193e-01
   2.7909292e-01
   4.2048482e-01
   5.5231061e-01
   6.7155895e-01
   7.7550318e-01
   8.6176377e-01
   9.2836311e-01
   9.7377106e-01
   9.9694040e-01
   9.9733132e-01
   9.7492429e-01
   9.3022106e-01
   8.6423376e-01
   7.7846230e-01
   6.7486059e-01
   5.5579225e-01
   4.2397695e-01
   2.8242852e-01
   1.3438614e-01
  -1.6759612e-02
  -1.6754439e-01
  -3.1450941e-01
  -4.5428089e-01
  -5.8364751e-01
  -6.9963435e-01
  -7.9957147e-01
  -8.8115557e-01
  -9.4250333e-01
  -9.8219515e-01
  -9.9930829e-01
  -9.9343865e-01
  -9.6471062e-01
  -9.1377478e-01
  -8.4179354e-01
  -7.5041484e-01
  -6.4173478e-01
  -5.1824981e-01
  -3.8279953e-01
  -2.3850168e-01
  -8.8680469e-02
   6.3209873e-02
   2.1366470e-01
   3.5920980e-01
   4.9648166e-01
   6.2230529e-01
   7.3376781e-01
   8.2828606e-01
   9.0366667e-01
   9.5815725e-01
   9.9048738e-01
   9.9989857e-01
   9.8616233e-01
   9.4958606e-01
   8.9100652e-01
   8.1177099e-01
   7.1370660e-01
   5.9907845e-01
   4.7053762e-01
   3.3105999e-01
   1.8387758e-01
   3.2403782e-02
  -1.1984574e-01
  -2.6933459e-01
  -4.1258779e-01
  -5.4627265e-01
  -6.6727637e-01
  -7.7277871e-01
  -8.6031794e-01
  -9.2784846e-01
  -9.7378892e-01
  -9.9705954e-01
  -9.9710779e-01
  -9.7392184e-01
  -9.2803142e-01
  -8.6049605e-01
  -7.7288089e-01
  -6.6722079e-01
  -5.4597329e-01
  -4.1196169e-01
  -2.6830955e-01
  -1.1836801e-01
   3.4362258e-02
   1.8631269e-01
   3.3393025e-01
   4.7376047e-01
   6.0252845e-01
   7.1721565e-01
   8.1513083e-01
   8.9397345e-01
   9.5188794e-01
   9.8750769e-01
   9.9998760e-01
   9.8902444e-01
   9.5486454e-01
   8.9829864e-01
   8.2064387e-01
   7.2371343e-01
   6.0977451e-01
   4.8149556e-01
   3.4188401e-01
   1.9421595e-01
   4.1959356e-02
  -1.1130719e-01
  -2.6197864e-01
  -4.0650823e-01
  -5.4149107e-01
  -6.6374445e-01
  -7.7038306e-01
  -8.5888728e-01
  -9.2716293e-01
  -9.7359116e-01
  -9.9706706e-01
  -9.9702635e-01
  -9.7345921e-01
  -9.2691113e-01
  -8.5847066e-01
  -7.6974421e-01
  -6.6281872e-01
  -5.4021278e-01
  -4.0481764e-01
  -2.5982915e-01
  -1.0867256e-01
   4.5078355e-02
   1.9778566e-01
   3.4583335e-01
   4.8571305e-01
   6.1410718e-01
   7.2796784e-01
   8.2458930e-01
   9.0167259e-01
   9.5738039e-01
   9.9038118e-01
   9.9988134e-01
   9.8564460e-01
   9.4799822e-01
   8.8782583e-01
   8.0654702e-01
   7.0608418e-01
   5.8881730e-01
   4.5752787e-01
   3.1533312e-01
   1.6561220e-01
   1.1925988e-02
  -1.4206748e-01
  -2.9270008e-01
  -4.3638097e-01
  -5.6968231e-01
  -6.8942108e-01
  -7.9273536e-01
  -8.7715287e-01
  -9.4065042e-01
  -9.8170270e-01
  -9.9931920e-01
  -9.9306846e-01
  -9.6308896e-01
  -9.1008644e-01
  -8.3531762e-01
  -7.4056069e-01
  -6.2807341e-01
  -5.0053951e-01
  -3.6100493e-01
  -2.1280529e-01
  -5.9486261e-02
   9.5281117e-02
   2.4778832e-01
   3.9437821e-01
   5.3153275e-01
   6.5595760e-01
   7.6466137e-01
   8.5502774e-01
   9.2487873e-01
   9.7252738e-01
   9.9681889e-01
   9.9715890e-01
   9.7352836e-01
   9.2648463e-01
   8.5714865e-01
   7.6717859e-01
   6.5873050e-01
   5.3440693e-01
   3.9719474e-01
   2.5039352e-01
   9.7536435e-02
  -5.7694709e-02
  -2.1155807e-01
  -3.6034199e-01
  -5.0045451e-01
  -6.2851029e-01
  -7.4141246e-01
  -8.3642776e-01
  -9.1125293e-01
  -9.6407084e-01
  -9.9359490e-01
  -9.9910077e-01
  -9.8044441e-01
  -9.3806623e-01
  -8.7298104e-01
  -7.8675406e-01
  -6.8146366e-01
  -5.5965150e-01
  -4.2426146e-01
  -2.7856872e-01
  -1.2610071e-01
   2.9448173e-02
   1.8430603e-01
   3.3471487e-01
   4.7702186e-01
   6.0776815e-01
   7.2377304e-01
   8.2221160e-01
   9.0068364e-01
   9.5727257e-01
   9.9059246e-01
   9.9982235e-01
   9.8472680e-01
   9.4566224e-01
   8.8356893e-01
   7.9994866e-01
   6.9682875e-01
   5.7671324e-01
   4.4252230e-01
   2.9752151e-01
   1.4524255e-01
  -1.0602677e-02
  -1.6621244e-01
  -3.1778792e-01
  -4.6162592e-01
  -5.9420951e-01
  -7.1229407e-01
  -8.1298695e-01
  -8.9381853e-01
  -9.5280306e-01
  -9.8848775e-01
  -9.9998890e-01
  -9.8701411e-01
  -9.4987006e-01
  -8.8945566e-01
  -8.0724060e-01
  -7.0522996e-01
  -5.8591561e-01
  -4.5221562e-01
  -3.0740312e-01
  -1.5502636e-01
   1.1780970e-03
   1.5737690e-01
   3.0973399e-01
   4.5450477e-01
   5.8812832e-01
   7.0731501e-01
   8.0912777e-01
   8.9105466e-01
   9.5107108e-01
   9.8769018e-01
   1.0000000e+00
   9.8768650e-01
   9.5104195e-01
   8.9095838e-01
   8.0890619e-01
   7.0689849e-01
   5.8744208e-01
   4.5347607e-01
   3.0829983e-01
   1.5549188e-01
  -1.1780970e-03
  -1.5784225e-01
  -3.1062998e-01
  -4.5576358e-01
  -5.8965176e-01
  -7.0897864e-01
  -8.1078603e-01
  -8.9254706e-01
  -9.5222911e-01
  -9.8834471e-01
  -9.9998890e-01
  -9.8686227e-01
  -9.4927905e-01
  -8.8815991e-01
  -8.0500978e-01
  -7.0188116e-01
  -5.8132372e-01
  -4.4632159e-01
  -3.0021971e-01
  -1.4664113e-01
   1.0602677e-02
   1.6760633e-01
   3.2046751e-01
   4.6538397e-01
   5.9874825e-01
   7.1723754e-01
   8.1789674e-01
   8.9821235e-01
   9.5617556e-01
   9.9033276e-01
   9.9982235e-01
   9.8439687e-01
   9.4442974e-01
   8.8090664e-01
   7.9540156e-01
   6.9003810e-01
   5.6743711e-01
   4.3065169e-01
   2.8309147e-01
   1.2843775e-01
  -2.9448173e-02
  -1.8662134e-01
  -3.3915171e-01
  -4.8322241e-01
  -6.1522540e-01
  -7.3185195e-01
  -8.3017579e-01
  -9.0772678e-01
  -9.6255324e-01
  -9.9327143e-01
  -9.9910077e-01
  -9.7988406e-01
  -9.3609208e-01
  -8.6881240e-01
  -7.7972278e-01
  -6.7104960e-01
  -5.4551260e-01
  -4.0625706e-01
  -2.5677521e-01
  -1.0081884e-01
   5.7694709e-02
   2.1478093e-01
   3.6648824e-01
   5.0899747e-01
   6.3871813e-01
   7.5237898e-01
   8.4711079e-01
   9.2051900e-01
   9.7074457e-01
   9.9651135e-01
   9.9715890e-01
   9.7265977e-01
   9.2362084e-01
   8.5126866e-01
   7.5741914e-01
   6.4443231e-01
   5.1515327e-01
   3.7284082e-01
   2.2108554e-01
   6.3719353e-02
  -9.5281117e-02
  -2.5189497e-01
  -4.0215872e-01
  -5.4226668e-01
  -6.6866744e-01
  -7.7815409e-01
  -8.6794581e-01
  -9.3575876e-01
  -9.7986446e-01
  -9.9913425e-01
  -9.9306846e-01
  -9.6180977e-01
  -9.0614028e-01
  -8.2746225e-01
  -7.2776318e-01
  -6.0956595e-01
  -4.7586523e-01
  -3.3005189e-01
  -1.7582721e-01
  -1.7109064e-02
   1.4206748e-01
   2.9765273e-01
   4.4568542e-01
   5.8239364e-01
   7.0429108e-01
   8.0826616e-01
   8.9166167e-01
   9.5234298e-01
   9.8875299e-01
   9.9995246e-01
   9.8564460e-01
   9.4618326e-01
   8.8256465e-01
   7.9640248e-01
   6.8988745e-01
   5.6573181e-01
   4.2710064e-01
   2.7753138e-01
   1.2084375e-01
  -3.8957669e-02
  -1.9778566e-01
  -3.5157493e-01
  -4.9638621e-01
  -6.2850724e-01
  -7.4454811e-01
  -8.4152846e-01
  -9.1695426e-01
  -9.6888227e-01
  -9.9597047e-01
  -9.9751305e-01
  -9.7345921e-01
  -9.2441512e-01
  -8.5162906e-01
  -7.5695999e-01
  -6.4283039e-01
  -5.1216467e-01
  -3.6831441e-01
  -2.1497269e-01
  -5.6079409e-02
   1.0427981e-01
   2.6197864e-01
   4.1295621e-01
   5.5332177e-01
   6.7945507e-01
   7.8809993e-01
   8.7644853e-01
   9.4221426e-01
   9.8369121e-01
   9.9979882e-01
   9.9011034e-01
   9.5486454e-01
   8.9496025e-01
   8.1193378e-01
   7.0791992e-01
   5.8559733e-01
   4.4811994e-01
   2.9903580e-01
   1.4219575e-01
  -1.8345872e-02
  -1.7843601e-01
  -3.3393025e-01
  -4.8080016e-01
  -6.1523778e-01
  -7.3375447e-01
  -8.3327168e-01
  -9.1120117e-01
  -9.6551263e-01
  -9.9478694e-01
  -9.9825357e-01
  -9.7581128e-01
  -9.2803142e-01
  -8.5614378e-01
  -7.6200529e-01
  -6.4805244e-01
  -5.1723854e-01
  -3.7295742e-01
  -2.1895564e-01
  -5.9235376e-02
   1.0204946e-01
   2.6070123e-01
   4.1258779e-01
   5.5375020e-01
   6.8050605e-01
   7.8954568e-01
   8.7801890e-01
   9.4360971e-01
   9.8459731e-01
   9.9990157e-01
   9.8911188e-01
   9.5249857e-01
   8.9100652e-01
   8.0623118e-01
   7.0037752e-01
   5.7620303e-01
   4.3694622e-01
   2.8624236e-01
   1.2802882e-01
  -3.3557689e-02
  -1.9428914e-01
  -3.4995684e-01
  -4.9648166e-01
  -6.3002104e-01
  -7.4706993e-01
  -8.4455300e-01
  -9.1990570e-01
  -9.7114209e-01
  -9.9690747e-01
  -9.9651462e-01
  -9.6996251e-01
  -9.1793700e-01
  -8.4179354e-01
  -7.4352222e-01
  -6.2569613e-01
  -4.9140432e-01
  -3.4417102e-01
  -1.8786347e-01
  -2.6590447e-02
   1.3540561e-01
   2.9386016e-01
   4.4459883e-01
   5.8364751e-01
   7.0733722e-01
   8.1240117e-01
   8.9606128e-01
   9.5610194e-01
   9.9092904e-01
   9.9961265e-01
   9.8191223e-01
   9.3828373e-01
   8.6986818e-01
   7.7846230e-01
   6.6647164e-01
   5.3684763e-01
   3.9301007e-01
   2.3875718e-01
   7.8165476e-02
  -8.4517851e-02
  -2.4498716e-01
  -3.9899234e-01
  -5.4245143e-01
  -6.7155895e-01
  -7.8288704e-01
  -8.7347667e-01
  -9.4091668e-01
  -9.8340818e-01
  -9.9981298e-01
  -9.8968442e-01
  -9.5327995e-01
  -8.9155498e-01
  -8.0613824e-01
  -6.9928915e-01
  -5.7383840e-01
  -4.3311329e-01
  -2.8084972e-01
  -1.2109323e-01
   4.1908350e-02
   2.0381775e-01
   3.6032367e-01
   5.0725562e-01
   6.4069515e-01
   7.5708058e-01
   8.5330222e-01
   9.2678582e-01
   9.7556168e-01
   9.9831792e-01
   9.9443605e-01
   9.6400822e-01
   9.0783549e-01
   8.2740711e-01
   7.2486147e-01
   6.0292954e-01
   4.6486252e-01
   3.1434539e-01
   1.5539878e-01
  -7.7282410e-03
  -1.7067169e-01
  -3.2906937e-01
  -4.7867768e-01
  -6.1548542e-01
  -7.3582147e-01
  -8.3645358e-01
  -9.1467542e-01
  -9.6837970e-01
  -9.9611530e-01
  -9.9712686e-01
  -9.7137577e-01
  -9.1954188e-01
  -8.4300604e-01
  -7.4381363e-01
  -6.2462031e-01
  -4.8862124e-01
  -3.3946570e-01
  -1.8115942e-01
  -1.7957164e-02
   1.4575151e-01
   3.0556028e-01
   4.5716468e-01
   5.9647811e-01
   7.1974220e-01
   8.2362838e-01
   9.0532803e-01
   9.6262879e-01
   9.9397474e-01
   9.9850910e-01
   9.7609803e-01
   9.2733497e-01
   8.5352533e-01
   7.5665197e-01
   6.3932225e-01
   5.0469827e-01
   3.5641188e-01
   1.9846695e-01
   3.5131483e-02
  -1.2917766e-01
  -2.9001410e-01
  -4.4302229e-01
  -5.8405559e-01
  -7.0928874e-01
  -8.1532187e-01
  -8.9927304e-01
  -9.5885690e-01
  -9.9244729e-01
  -9.9912195e-01
  -9.7868829e-01
  -9.3168933e-01
  -8.5938968e-01
  -7.6374195e-01
  -6.4733437e-01
  -5.1332109e-01
  -3.6533702e-01
  -2.0739951e-01
  -4.3799420e-02
   1.2101526e-01
   2.8256037e-01
   4.3643751e-01
   5.7845395e-01
   7.0473699e-01
   8.1183979e-01
   8.9683569e-01
   9.5739854e-01
   9.9186670e-01
   9.9928903e-01
   9.7945153e-01
   9.3288393e-01
   8.6084596e-01
   7.6529367e-01
   6.4882672e-01
   5.1461800e-01
   3.6632746e-01
   2.0800260e-01
   4.3968118e-02
  -1.2129203e-01
  -2.8325718e-01
  -4.3749365e-01
  -5.7977615e-01
  -7.0620374e-01
  -8.1330696e-01
  -8.9814330e-01
  -9.5837840e-01
  -9.9235064e-01
  -9.9911734e-01
  -9.7848135e-01
  -9.3099722e-01
  -8.5795666e-01
  -7.6135389e-01
  -6.4383154e-01
  -5.0860870e-01
  -3.5939304e-01
  -2.0027943e-01
  -3.5637748e-02
   1.3000706e-01
   2.9209922e-01
   4.4617751e-01
   5.8799809e-01
   7.1365158e-01
   8.1967102e-01
   9.0312782e-01
   9.6171297e-01
   9.9380134e-01
   9.9849707e-01
   9.7565909e-01
   9.2590570e-01
   8.5059827e-01
   7.5180442e-01
   6.3224163e-01
   4.9520281e-01
   3.4446597e-01
   1.8419023e-01
   1.8801324e-02
  -1.4713056e-01
  -3.0901699e-01
  -4.6237820e-01
  -6.0296714e-01
  -7.2688729e-01
  -8.3070085e-01
  -9.1152444e-01
  -9.6710945e-01
  -9.9590506e-01
  -9.9710182e-01
  -9.7065492e-01
  -9.1728611e-01
  -8.3846447e-01
  -7.3636638e-01
  -6.1381581e-01
  -4.7420653e-01
  -3.2140848e-01
  -1.5966066e-01
   6.5462469e-03
   1.7259445e-01
   3.3386732e-01
   4.8587781e-01
   6.2439335e-01
   7.4555394e-01
   8.4597989e-01
   9.2286644e-01
   9.7406243e-01
   9.9813085e-01
   9.9438962e-01
   9.6293129e-01
   9.0462129e-01
   8.2107450e-01
   7.1461096e-01
   5.8819183e-01
   4.4533736e-01
   2.9002913e-01
   1.2659934e-01
  -4.0389892e-02
  -2.0627378e-01
  -3.6641516e-01
  -5.1633418e-01
  -6.5183373e-01
  -7.6911714e-01
  -8.6489484e-01
  -9.3647691e-01
  -9.8184898e-01
  -9.9972933e-01
  -9.8960551e-01
  -9.5174945e-01
  -8.8721061e-01
  -7.9778734e-01
  -6.8597711e-01
  -5.5490723e-01
  -4.0824761e-01
  -2.5010837e-01
  -8.4924790e-02
   8.2666886e-02
   2.4795952e-01
   4.0630730e-01
   5.5325635e-01
   6.8467019e-01
   7.9684638e-01
   8.8662106e-01
   9.5145859e-01
   9.8952346e-01
   9.9973270e-01
   9.8178711e-01
   9.3618045e-01
   8.6418634e-01
   7.6782304e-01
   6.4979735e-01
   5.1342893e-01
   3.6255719e-01
   2.0143352e-01
   3.4601662e-02
  -1.3323031e-01
  -2.9732280e-01
  -4.5303852e-01
  -5.9597368e-01
  -7.2208269e-01
  -8.2779287e-01
  -9.1010597e-01
  -9.6668359e-01
  -9.9591393e-01
  -9.9695818e-01
  -9.6977500e-01
  -9.1512247e-01
  -8.3453740e-01
  -7.3029255e-01
  -6.0533289e-01
  -4.6319279e-01
  -3.0789634e-01
  -1.4384368e-01
   2.4313531e-02
   1.9180387e-01
   3.5387155e-01
   5.0591145e-01
   6.4360014e-01
   7.6301901e-01
   8.6076601e-01
   9.3405294e-01
   9.8078528e-01
   9.9962253e-01
   9.9001702e-01
   9.5223031e-01
   8.8732654e-01
   7.9714286e-01
   6.8423788e-01
   5.5181946e-01
   4.0365388e-01
   2.4395905e-01
   7.7284576e-02
  -9.1617630e-02
  -2.5792880e-01
  -4.1690078e-01
  -5.6399167e-01
  -6.9499571e-01
  -8.0616380e-01
  -8.9431107e-01
  -9.5690841e-01
  -9.9215550e-01
  -9.9903293e-01
  -9.7733219e-01
  -9.2766234e-01
  -8.5143347e-01
  -7.5081702e-01
  -6.2868438e-01
  -4.8852530e-01
  -3.3434849e-01
  -1.7056722e-01
  -1.8731735e-03
   1.6689781e-01
   3.3090435e-01
   4.8543841e-01
   6.2606060e-01
   7.4872785e-01
   8.4990994e-01
   9.2669139e-01
   9.7685585e-01
   9.9895044e-01
   9.9232832e-01
   9.5716803e-01
   8.9446915e-01
   8.0602436e-01
   6.9436861e-01
   5.6270682e-01
   4.1482228e-01
   2.5496819e-01
   8.7745577e-02
  -8.2028960e-02
  -2.4946194e-01
  -4.0972403e-01
  -5.5818940e-01
  -6.9056942e-01
  -8.0303673e-01
  -8.9233623e-01
  -9.5587958e-01
  -9.9182065e-01
  -9.9910957e-01
  -9.7752383e-01
  -9.2767554e-01
  -8.5099448e-01
  -7.4968761e-01
  -6.2667590e-01
  -4.8551051e-01
  -3.3027059e-01
  -1.6544566e-01
   4.1940139e-03
   1.7373541e-01
   3.3826494e-01
   4.9301094e-01
   6.3348216e-01
   7.5559830e-01
   8.5580878e-01
   9.3119633e-01
   9.7956226e-01
   9.9949102e-01
   9.9039204e-01
   9.5251770e-01
   8.8695683e-01
   7.9560382e-01
   6.8110433e-01
   5.4677910e-01
   3.9652791e-01
   2.3471672e-01
   6.6050988e-02
  -1.0456101e-01
  -2.7215093e-01
  -4.3183507e-01
  -5.7895676e-01
  -7.0922230e-01
  -8.1882656e-01
  -9.0456437e-01
  -9.6392464e-01
  -9.9516430e-01
  -9.9735992e-01
  -9.7043543e-01
  -9.1516521e-01
  -8.3315225e-01
  -7.2678210e-01
  -5.9915391e-01
  -4.5399050e-01
  -2.9553006e-01
  -1.2840270e-01
   4.2504721e-02
   2.1219132e-01
   3.7568854e-01
   5.2820568e-01
   6.6527042e-01
   7.8286016e-01
   8.7752034e-01
   9.4646631e-01
   9.8766560e-01
   9.9989829e-01
   9.8279355e-01
   9.3684139e-01
   8.6337904e-01
   7.6455254e-01
   6.4325444e-01
   5.0303956e-01
   3.4802111e-01
   1.8275033e-01
   1.2083057e-02
  -1.5896282e-01
  -3.2535485e-01
  -4.8219409e-01
  -6.2485949e-01
  -7.4914420e-01
  -8.5137991e-01
  -9.2854545e-01
  -9.7835639e-01
  -9.9933318e-01
  -9.9084547e-01
  -9.5313154e-01
  -8.8729213e-01
  -7.9525873e-01
  -6.7973739e-01
  -5.4412955e-01
  -3.9243223e-01
  -2.2912054e-01
  -5.9015850e-02
   1.1285638e-01
   2.8141501e-01
   4.4167341e-01
   5.8888713e-01
   7.1869449e-01
   8.2724609e-01
   9.1131922e-01
   9.6841399e-01
   9.9682796e-01
   9.9570747e-01
   9.6507367e-01
   9.0582277e-01
   8.1970026e-01
   7.0924999e-01
   5.7773939e-01
   4.2906323e-01
   2.6762854e-01
   9.8224267e-02
  -7.4120674e-02
  -2.4428655e-01
  -4.0721492e-01
  -5.5805906e-01
  -6.9232833e-01
  -8.0602204e-01
  -8.9574901e-01
  -9.5882903e-01
  -9.9337337e-01
  -9.9834174e-01
  -9.7357412e-01
  -9.1979633e-01
  -8.3859927e-01
  -7.3239229e-01
  -6.0433216e-01
  -4.5822959e-01
  -2.9843617e-01
  -1.2971502e-01
   4.2900985e-02
   2.1425929e-01
   3.7924138e-01
   5.3291578e-01
   6.7068558e-01
   7.8842615e-01
   8.8260896e-01
   9.5040763e-01
   9.8978320e-01
   9.9954583e-01
   9.7939130e-01
   9.2991087e-01
   8.5257450e-01
   7.4968761e-01
   6.2432280e-01
   4.8022847e-01
   3.2171711e-01
   1.5353645e-01
  -1.9272478e-02
  -1.9152637e-01
  -3.5805508e-01
  -5.1385684e-01
  -6.5424861e-01
  -7.7500709e-01
  -8.7249601e-01
  -9.4377600e-01
  -9.8669361e-01
  -9.9994679e-01
  -9.8312489e-01
  -9.3672184e-01
  -8.6212216e-01
  -7.6156008e-01
  -6.3805314e-01
  -4.9531198e-01
  -3.3762924e-01
  -1.6975071e-01
   3.2672505e-03
   1.7620991e-01
   3.4386129e-01
   5.0116151e-01
   6.4335967e-01
   7.6615746e-01
   8.6583947e-01
   9.3938587e-01
   9.8456433e-01
   9.9999825e-01
   9.8520908e-01
   9.4063176e-01
   8.6760234e-01
   7.6831844e-01
   6.4577357e-01
   5.0366731e-01
   3.4629390e-01
   1.7841283e-01
   5.1050659e-03
  -1.6838056e-01
  -3.3678632e-01
  -4.9500492e-01
  -6.3823455e-01
  -7.6212480e-01
  -8.6290908e-01
  -9.3751949e-01
  -9.8368062e-01
  -9.9997934e-01
  -9.8590858e-01
  -9.4188359e-01
  -8.6923014e-01
  -7.7014515e-01
  -6.4763065e-01
  -5.0540326e-01
  -3.4778180e-01
  -1.7955644e-01
  -5.8433291e-03
   1.6807088e-01
   3.3688985e-01
   4.9546890e-01
   6.3897191e-01
   7.6301901e-01
   8.6382056e-01
   9.3829324e-01
   9.8415478e-01
   9.9999439e-01
   9.8531656e-01
   9.4055710e-01
   8.6707070e-01
   7.6709042e-01
   6.4366025e-01
   5.0054291e-01
   3.4210543e-01
   1.7318623e-01
  -1.0524333e-03
  -1.7528210e-01
  -3.4417102e-01
  -5.0254735e-01
  -6.4555766e-01
  -7.6881588e-01
  -8.6853811e-01
  -9.4165911e-01
  -9.8592697e-01
  -9.9997289e-01
  -9.8335400e-01
  -9.3656778e-01
  -8.6103773e-01
  -7.5907052e-01
  -6.3378597e-01
  -4.8902207e-01
  -3.2921770e-01
  -1.5927686e-01
   1.5581669e-02
   1.8998442e-01
   3.5856836e-01
   5.1614584e-01
   6.5786437e-01
   7.7935628e-01
   8.7687362e-01
   9.4740414e-01
   9.8876473e-01
   9.9966952e-01
   9.7977026e-01
   9.2966802e-01
   8.5089547e-01
   7.4587052e-01
   6.1782256e-01
   4.7069354e-01
   3.0901699e-01
   1.3777862e-01
  -3.7737273e-02
  -2.1211073e-01
  -3.7995346e-01
  -5.3607545e-01
  -6.7564554e-01
  -7.9434120e-01
  -8.8848271e-01
  -9.5514756e-01
  -9.9226167e-01
  -9.9866432e-01
  -9.7414500e-01
  -9.1945081e-01
  -8.3626415e-01
  -7.2715153e-01
  -5.9548480e-01
  -4.4533736e-01
  -2.8135848e-01
  -1.0862962e-01
   6.7492895e-02
   2.4154381e-01
   4.0811855e-01
   5.6204115e-01
   6.9852520e-01
   8.1332295e-01
   9.0285786e-01
   9.6433636e-01
   9.9583553e-01
   9.9636365e-01
   9.6589194e-01
   9.0535639e-01
   8.1662947e-01
   7.0246273e-01
   5.6640192e-01
   4.1267722e-01
   2.4607209e-01
   7.1774674e-02
  -1.0478362e-01
  -2.7809724e-01
  -4.4275823e-01
  -5.9362502e-01
  -7.2598320e-01
  -8.3569307e-01
  -9.1931950e-01
  -9.7423985e-01
  -9.9872668e-01
  -9.9200258e-01
  -9.5426538e-01
  -8.8668281e-01
  -7.9135693e-01
  -6.7125920e-01
  -5.3013830e-01
  -3.7240352e-01
  -2.0298725e-01
  -2.7191060e-02
   1.4948012e-01
   3.2149029e-01
   4.8344587e-01
   6.3026498e-01
   7.5733708e-01
   8.6066805e-01
   9.3700610e-01
   9.8394451e-01
   9.9999798e-01
   9.8465013e-01
   9.3837062e-01
   8.6260131e-01
   7.5971183e-01
   6.3292595e-01
   4.8622100e-01
   3.2420348e-01
   1.5196468e-01
  -2.5079061e-02
  -2.0135659e-01
  -3.7131719e-01
  -5.2960544e-01
  -6.7123009e-01
  -7.9172171e-01
  -8.8727402e-01
  -9.5486454e-01
  -9.9235064e-01
  -9.9853790e-01
  -9.7321871e-01
  -9.1717974e-01
  -8.3217799e-01
  -7.2088626e-01
  -5.8680949e-01
  -4.3417485e-01
  -2.6779881e-01
  -9.2935379e-02
   8.4889574e-02
   2.6005288e-01
   4.2701187e-01
   5.8047985e-01
   7.1559369e-01
   8.2806816e-01
   9.1433225e-01
   9.7164288e-01
   9.9817262e-01
   9.9306846e-01
   9.5647974e-01
   8.8955435e-01
   7.9440322e-01
   6.7403426e-01
   5.3225769e-01
   3.7356583e-01
   2.0299110e-01
   2.5946643e-02
  -1.5194528e-01
  -3.2503177e-01
  -4.8780900e-01
  -6.3509728e-01
  -7.6220615e-01
  -8.6508401e-01
  -9.4044768e-01
  -9.8588755e-01
  -9.9994516e-01
  -9.8216046e-01
  -9.3308746e-01
  -8.5427743e-01
  -7.4823044e-01
  -6.1831650e-01
  -4.6866888e-01
  -3.0405301e-01
  -1.2971502e-01
   4.8785270e-02
   2.2575153e-01
   3.9553268e-01
   5.5270339e-01
   6.9223765e-01
   8.0966972e-01
   9.0123742e-01
   9.6400300e-01
   9.9594790e-01
   9.9603816e-01
   9.6425837e-01
   9.0161315e-01
   8.1009588e-01
   6.9262580e-01
   5.5295536e-01
   3.9555071e-01
   2.2544930e-01
   4.8098853e-02
  -1.3081689e-01
  -3.0556028e-01
  -4.7052376e-01
  -6.2040992e-01
  -7.5040186e-01
  -8.5631824e-01
  -9.3474818e-01
  -9.8316151e-01
  -9.9999087e-01
  -9.8468301e-01
  -9.3771746e-01
  -8.6059206e-01
  -7.5577576e-01
  -6.2662999e-01
  -4.7730140e-01
  -3.1258900e-01
  -1.3779029e-01
   4.1468909e-02
   2.1941542e-01
   3.9031458e-01
   5.4865516e-01
   6.8932721e-01
   8.0778725e-01
   9.0020537e-01
   9.6358940e-01
   9.9588230e-01
   9.9602942e-01
   9.6401344e-01
   9.0085590e-01
   8.0858514e-01
   6.9017168e-01
   5.4943303e-01
   3.9091106e-01
   2.1972574e-01
   4.1410055e-02
  -1.3826869e-01
  -3.1349529e-01
  -4.7859493e-01
  -6.2821702e-01
  -7.5750887e-01
  -8.6227334e-01
  -9.3910550e-01
  -9.8550370e-01
  -9.9995154e-01
  -9.8196795e-01
  -9.3212374e-01
  -8.5202402e-01
  -7.4425705e-01
  -6.1231112e-01
  -4.6046202e-01
  -2.9363493e-01
  -1.1724491e-01
   6.2978642e-02
   2.4117796e-01
   4.1155731e-01
   5.6857154e-01
   7.0710678e-01
